72.50 125.50 29.00 23.00
72.50 125.50 29.00 23.00
72.50 125.50 29.00 23.00
72.50 125.50 29.00 23.00
76.50 125.50 29.00 23.00
76.50 125.50 29.00 23.00
76.50 125.50 29.00 23.00
76.50 125.50 29.00 23.00
76.50 125.50 29.00 23.00
80.50 125.50 29.00 23.00
80.50 125.50 29.00 23.00
80.50 125.50 29.00 23.00
80.50 125.50 29.00 23.00
80.50 121.50 29.00 23.00
80.50 121.50 29.00 23.00
80.50 121.50 29.00 23.00
84.50 121.50 29.00 23.00
84.50 121.50 29.00 23.00
84.50 121.50 29.00 23.00
84.50 121.50 29.00 23.00
84.50 121.50 29.00 23.00
84.50 121.50 29.00 23.00
84.50 121.50 29.00 23.00
84.50 121.50 29.00 23.00
88.50 121.50 29.00 23.00
88.50 121.50 29.00 23.00
88.50 121.50 29.00 23.00
88.50 121.50 29.00 23.00
88.50 121.50 29.00 23.00
88.50 121.50 29.00 23.00
88.50 121.50 29.00 23.00
88.50 121.50 29.00 23.00
88.50 121.50 29.00 23.00
88.50 121.50 29.00 23.00
92.50 121.50 29.00 23.00
92.50 121.50 29.00 23.00
92.50 121.50 29.00 23.00
92.50 121.50 29.00 23.00
92.50 121.50 29.00 23.00
92.50 121.50 29.00 23.00
92.50 121.50 29.00 23.00
92.50 125.50 29.00 23.00
92.50 125.50 29.00 23.00
92.50 125.50 29.00 23.00
92.50 125.50 29.00 23.00
92.50 125.50 29.00 23.00
92.50 125.50 29.00 23.00
92.50 125.50 29.00 23.00
92.50 125.50 29.00 23.00
92.50 125.50 29.00 23.00
96.50 125.50 29.00 23.00
96.50 125.50 29.00 23.00
96.50 125.50 29.00 23.00
96.50 125.50 29.00 23.00
96.50 125.50 29.00 23.00
96.50 125.50 29.00 23.00
96.50 125.50 29.00 23.00
96.50 125.50 29.00 23.00
96.50 125.50 29.00 23.00
96.50 125.50 29.00 23.00
96.50 125.50 29.00 23.00
96.50 125.50 29.00 23.00
96.50 125.50 29.00 23.00
96.50 125.50 29.00 23.00
96.50 125.50 29.00 23.00
96.50 125.50 29.00 23.00
96.50 125.50 29.00 23.00
96.50 125.50 29.00 23.00
100.50 125.50 29.00 23.00
100.50 125.50 29.00 23.00
100.50 125.50 29.00 23.00
100.50 125.50 29.00 23.00
100.50 125.50 29.00 23.00
100.50 125.50 29.00 23.00
100.50 125.50 29.00 23.00
100.50 125.50 29.00 23.00
100.50 125.50 29.00 23.00
100.50 125.50 29.00 23.00
100.50 125.50 29.00 23.00
100.50 125.50 29.00 23.00
100.50 125.50 29.00 23.00
100.50 125.50 29.00 23.00
100.50 125.50 29.00 23.00
100.50 125.50 29.00 23.00
100.50 125.50 29.00 23.00
100.50 125.50 29.00 23.00
100.50 125.50 29.00 23.00
100.50 125.50 29.00 23.00
100.50 125.50 29.00 23.00
100.50 125.50 29.00 23.00
100.50 125.50 29.00 23.00
100.50 125.50 29.00 23.00
100.50 125.50 29.00 23.00
100.50 125.50 29.00 23.00
100.50 125.50 29.00 23.00
100.50 125.50 29.00 23.00
100.50 125.50 29.00 23.00
100.50 125.50 29.00 23.00
100.50 125.50 29.00 23.00
100.50 125.50 29.00 23.00
100.50 125.50 29.00 23.00
100.50 125.50 29.00 23.00
100.50 125.50 29.00 23.00
100.50 125.50 29.00 23.00
100.50 125.50 29.00 23.00
100.50 125.50 29.00 23.00
100.50 125.50 29.00 23.00
100.50 125.50 29.00 23.00
100.50 125.50 29.00 23.00
100.50 125.50 29.00 23.00
100.50 125.50 29.00 23.00
100.50 125.50 29.00 23.00
100.50 125.50 29.00 23.00
100.50 125.50 29.00 23.00
100.50 125.50 29.00 23.00
100.50 125.50 29.00 23.00
100.50 125.50 29.00 23.00
100.50 125.50 29.00 23.00
100.50 125.50 29.00 23.00
100.50 125.50 29.00 23.00
100.50 125.50 29.00 23.00
100.50 125.50 29.00 23.00
100.50 125.50 29.00 23.00
100.50 125.50 29.00 23.00
100.50 125.50 29.00 23.00
100.50 125.50 29.00 23.00
100.50 125.50 29.00 23.00
100.50 125.50 29.00 23.00
100.50 125.50 29.00 23.00
100.50 125.50 29.00 23.00
100.50 125.50 29.00 23.00
100.50 125.50 29.00 23.00
100.50 125.50 29.00 23.00
100.50 125.50 29.00 23.00
100.50 125.50 29.00 23.00
100.50 125.50 29.00 23.00
100.50 125.50 29.00 23.00
100.50 125.50 29.00 23.00
100.50 125.50 29.00 23.00
100.50 125.50 29.00 23.00
100.50 125.50 29.00 23.00
100.50 125.50 29.00 23.00
100.50 125.50 29.00 23.00
100.50 125.50 29.00 23.00
100.50 125.50 29.00 23.00
100.50 125.50 29.00 23.00
100.50 125.50 29.00 23.00
100.50 125.50 29.00 23.00
100.50 125.50 29.00 23.00
100.50 125.50 29.00 23.00
100.50 125.50 29.00 23.00
100.50 125.50 29.00 23.00
100.50 125.50 29.00 23.00
100.50 125.50 29.00 23.00
100.50 125.50 29.00 23.00
100.50 125.50 29.00 23.00
100.50 125.50 29.00 23.00
100.50 125.50 29.00 23.00
100.50 125.50 29.00 23.00
100.50 125.50 29.00 23.00
100.50 125.50 29.00 23.00
100.50 125.50 29.00 23.00
100.50 125.50 29.00 23.00
100.50 125.50 29.00 23.00
100.50 125.50 29.00 23.00
100.50 125.50 29.00 23.00
100.50 125.50 29.00 23.00
100.50 125.50 29.00 23.00
100.50 125.50 29.00 23.00
100.50 125.50 29.00 23.00
100.50 125.50 29.00 23.00
100.50 125.50 29.00 23.00
100.50 125.50 29.00 23.00
100.50 125.50 29.00 23.00
100.50 125.50 29.00 23.00
100.50 125.50 29.00 23.00
100.50 125.50 29.00 23.00
100.50 125.50 29.00 23.00
100.50 125.50 29.00 23.00
100.50 125.50 29.00 23.00
100.50 125.50 29.00 23.00
100.50 125.50 29.00 23.00
100.50 125.50 29.00 23.00
100.50 125.50 29.00 23.00
100.50 125.50 29.00 23.00
100.50 125.50 29.00 23.00
100.50 125.50 29.00 23.00
100.50 125.50 29.00 23.00
100.50 125.50 29.00 23.00
100.50 125.50 29.00 23.00
100.50 125.50 29.00 23.00
100.50 125.50 29.00 23.00
100.50 125.50 29.00 23.00
100.50 125.50 29.00 23.00
100.50 125.50 29.00 23.00
100.50 125.50 29.00 23.00
100.50 125.50 29.00 23.00
100.50 125.50 29.00 23.00
100.50 125.50 29.00 23.00
100.50 125.50 29.00 23.00
100.50 125.50 29.00 23.00
100.50 125.50 29.00 23.00
104.50 125.50 29.00 23.00
104.50 125.50 29.00 23.00
104.50 125.50 29.00 23.00
104.50 125.50 29.00 23.00
104.50 125.50 29.00 23.00
104.50 125.50 29.00 23.00
104.50 125.50 29.00 23.00
104.50 125.50 29.00 23.00
104.50 125.50 29.00 23.00
104.50 125.50 29.00 23.00
104.50 125.50 29.00 23.00
104.50 125.50 29.00 23.00
104.50 125.50 29.00 23.00
104.50 125.50 29.00 23.00
104.50 125.50 29.00 23.00
104.50 125.50 29.00 23.00
104.50 125.50 29.00 23.00
104.50 125.50 29.00 23.00
104.50 125.50 29.00 23.00
104.50 125.50 29.00 23.00
104.50 125.50 29.00 23.00
104.50 125.50 29.00 23.00
104.50 125.50 29.00 23.00
104.50 125.50 29.00 23.00
104.50 125.50 29.00 23.00
104.50 125.50 29.00 23.00
108.50 125.50 29.00 23.00
108.50 125.50 29.00 23.00
108.50 125.50 29.00 23.00
108.50 125.50 29.00 23.00
108.50 125.50 29.00 23.00
108.50 125.50 29.00 23.00
108.50 125.50 29.00 23.00
108.50 125.50 29.00 23.00
108.50 125.50 29.00 23.00
112.50 125.50 29.00 23.00
112.50 125.50 29.00 23.00
112.50 125.50 29.00 23.00
112.50 125.50 29.00 23.00
112.50 125.50 29.00 23.00
112.50 125.50 29.00 23.00
112.50 125.50 29.00 23.00
112.50 125.50 29.00 23.00
112.50 125.50 29.00 23.00
112.50 125.50 29.00 23.00
116.50 125.50 29.00 23.00
116.50 125.50 29.00 23.00
116.50 125.50 29.00 23.00
116.50 125.50 29.00 23.00
116.50 125.50 29.00 23.00
116.50 125.50 29.00 23.00
116.50 125.50 29.00 23.00
116.50 125.50 29.00 23.00
116.50 125.50 29.00 23.00
120.50 125.50 29.00 23.00
120.50 125.50 29.00 23.00
120.50 125.50 29.00 23.00
120.50 125.50 29.00 23.00
120.50 125.50 29.00 23.00
120.50 125.50 29.00 23.00
120.50 125.50 29.00 23.00
124.50 125.50 29.00 23.00
124.50 125.50 29.00 23.00
124.50 125.50 29.00 23.00
124.50 125.50 29.00 23.00
124.50 125.50 29.00 23.00
124.50 125.50 29.00 23.00
124.50 125.50 29.00 23.00
128.50 125.50 29.00 23.00
128.50 125.50 29.00 23.00
128.50 125.50 29.00 23.00
128.50 125.50 29.00 23.00
128.50 125.50 29.00 23.00
128.50 121.50 29.00 23.00
128.50 121.50 29.00 23.00
132.50 121.50 29.00 23.00
132.50 121.50 29.00 23.00
132.50 121.50 29.00 23.00
132.50 121.50 29.00 23.00
132.50 121.50 29.00 23.00
132.50 121.50 29.00 23.00
132.50 121.50 29.00 23.00
132.50 121.50 29.00 23.00
136.50 121.50 29.00 23.00
136.50 121.50 29.00 23.00
136.50 121.50 29.00 23.00
136.50 121.50 29.00 23.00
136.50 121.50 29.00 23.00
136.50 121.50 29.00 23.00
136.50 121.50 29.00 23.00
136.50 121.50 29.00 23.00
136.50 121.50 29.00 23.00
136.50 121.50 29.00 23.00
140.50 121.50 29.00 23.00
140.50 121.50 29.00 23.00
140.50 121.50 29.00 23.00
140.50 121.50 29.00 23.00
140.50 121.50 29.00 23.00
140.50 121.50 29.00 23.00
140.50 121.50 29.00 23.00
140.50 121.50 29.00 23.00
140.50 121.50 29.00 23.00
140.50 121.50 29.00 23.00
140.50 121.50 29.00 23.00
140.50 121.50 29.00 23.00
140.50 121.50 29.00 23.00
140.50 121.50 29.00 23.00
140.50 125.50 29.00 23.00
140.50 125.50 29.00 23.00
140.50 125.50 29.00 23.00
140.50 125.50 29.00 23.00
140.50 125.50 29.00 23.00
140.50 125.50 29.00 23.00
140.50 129.50 29.00 23.00
140.50 129.50 29.00 23.00
140.50 129.50 29.00 23.00
140.50 129.50 29.00 23.00
140.50 129.50 29.00 23.00
140.50 125.50 29.00 23.00
140.50 125.50 29.00 23.00
140.50 125.50 29.00 23.00
140.50 125.50 29.00 23.00
140.50 125.50 29.00 23.00
140.50 125.50 29.00 23.00
136.50 121.50 29.00 23.00
136.50 121.50 29.00 23.00
136.50 121.50 29.00 23.00
136.50 121.50 29.00 23.00
136.50 121.50 29.00 23.00
136.50 121.50 29.00 23.00
136.50 121.50 29.00 23.00
132.50 121.50 29.00 23.00
132.50 121.50 29.00 23.00
132.50 125.50 29.00 23.00
132.50 125.50 29.00 23.00
132.50 125.50 29.00 23.00
128.50 125.50 29.00 23.00
128.50 125.50 29.00 23.00
128.50 125.50 29.00 23.00
128.50 125.50 29.00 23.00
128.50 129.50 29.00 23.00
124.50 129.50 29.00 23.00
124.50 129.50 29.00 23.00
124.50 129.50 29.00 23.00
124.50 129.50 29.00 23.00
120.50 129.50 29.00 23.00
120.50 129.50 29.00 23.00
120.50 129.50 29.00 23.00
120.50 129.50 29.00 23.00
116.50 129.50 29.00 23.00
116.50 129.50 29.00 23.00
116.50 133.50 29.00 23.00
112.50 133.50 29.00 23.00
112.50 133.50 29.00 23.00
112.50 133.50 29.00 23.00
112.50 133.50 29.00 23.00
108.50 133.50 29.00 23.00
108.50 133.50 29.00 23.00
108.50 133.50 29.00 23.00
104.50 133.50 29.00 23.00
104.50 133.50 29.00 23.00
104.50 133.50 29.00 23.00
104.50 133.50 29.00 23.00
100.50 129.50 29.00 23.00
100.50 129.50 29.00 23.00
100.50 129.50 29.00 23.00
96.50 129.50 29.00 23.00
96.50 129.50 29.00 23.00
96.50 129.50 29.00 23.00
92.50 129.50 29.00 23.00
92.50 129.50 29.00 23.00
92.50 129.50 29.00 23.00
88.50 129.50 29.00 23.00
88.50 129.50 29.00 23.00
88.50 129.50 29.00 23.00
84.50 129.50 29.00 23.00
84.50 129.50 29.00 23.00
84.50 129.50 29.00 23.00
80.50 129.50 29.00 23.00
80.50 129.50 29.00 23.00
80.50 129.50 29.00 23.00
76.50 129.50 29.00 23.00
76.50 129.50 29.00 23.00
76.50 129.50 29.00 23.00
72.50 129.50 29.00 23.00
72.50 129.50 29.00 23.00
72.50 129.50 29.00 23.00
68.50 129.50 29.00 23.00
68.50 129.50 29.00 23.00
68.50 133.50 29.00 23.00
68.50 133.50 29.00 23.00
