140.50 73.00 27.00 34.00
140.50 73.00 27.00 34.00
140.50 73.00 27.00 34.00
140.50 73.00 27.00 34.00
140.50 73.00 27.00 34.00
140.50 73.00 27.00 34.00
140.50 73.00 27.00 34.00
140.50 73.00 27.00 34.00
144.50 73.00 27.00 34.00
144.50 73.00 27.00 34.00
144.50 73.00 27.00 34.00
144.50 73.00 27.00 34.00
144.50 73.00 27.00 34.00
144.50 73.00 27.00 34.00
144.50 73.00 27.00 34.00
148.50 73.00 27.00 34.00
148.50 73.00 27.00 34.00
148.50 73.00 27.00 34.00
148.50 73.00 27.00 34.00
148.50 73.00 27.00 34.00
152.50 73.00 27.00 34.00
152.50 73.00 27.00 34.00
152.50 73.00 27.00 34.00
156.50 73.00 27.00 34.00
156.50 73.00 27.00 34.00
160.50 73.00 27.00 34.00
160.50 73.00 27.00 34.00
160.50 73.00 27.00 34.00
164.50 73.00 27.00 34.00
164.50 73.00 27.00 34.00
168.50 73.00 27.00 34.00
168.50 73.00 27.00 34.00
168.50 73.00 27.00 34.00
168.50 73.00 27.00 34.00
168.50 73.00 27.00 34.00
172.50 73.00 27.00 34.00
172.50 73.00 27.00 34.00
172.50 73.00 27.00 34.00
172.50 73.00 27.00 34.00
176.50 73.00 27.00 34.00
176.50 73.00 27.00 34.00
176.50 73.00 27.00 34.00
176.50 73.00 27.00 34.00
176.50 73.00 27.00 34.00
176.50 73.00 27.00 34.00
176.50 73.00 27.00 34.00
176.50 73.00 27.00 34.00
176.50 73.00 27.00 34.00
176.50 73.00 27.00 34.00
176.50 73.00 27.00 34.00
172.50 73.00 27.00 34.00
172.50 73.00 27.00 34.00
172.50 73.00 27.00 34.00
168.50 73.00 27.00 34.00
168.50 73.00 27.00 34.00
168.50 73.00 27.00 34.00
164.50 73.00 27.00 34.00
164.50 73.00 27.00 34.00
160.50 73.00 27.00 34.00
160.50 73.00 27.00 34.00
156.50 73.00 27.00 34.00
156.50 73.00 27.00 34.00
152.50 73.00 27.00 34.00
152.50 73.00 27.00 34.00
148.50 73.00 27.00 34.00
148.50 73.00 27.00 34.00
148.50 73.00 27.00 34.00
144.50 73.00 27.00 34.00
144.50 73.00 27.00 34.00
140.50 73.00 27.00 34.00
136.50 73.00 27.00 34.00
136.50 73.00 27.00 34.00
136.50 73.00 27.00 34.00
132.50 73.00 27.00 34.00
132.50 73.00 27.00 34.00
128.50 73.00 27.00 34.00
128.50 73.00 27.00 34.00
128.50 73.00 27.00 34.00
124.50 73.00 27.00 34.00
124.50 73.00 27.00 34.00
120.50 77.00 27.00 34.00
120.50 77.00 27.00 34.00
120.50 77.00 27.00 34.00
120.50 77.00 27.00 34.00
120.50 77.00 27.00 34.00
120.50 77.00 27.00 34.00
120.50 77.00 27.00 34.00
116.50 77.00 27.00 34.00
116.50 77.00 27.00 34.00
116.50 77.00 27.00 34.00
116.50 77.00 27.00 34.00
116.50 77.00 27.00 34.00
116.50 77.00 27.00 34.00
116.50 77.00 27.00 34.00
116.50 77.00 27.00 34.00
116.50 77.00 27.00 34.00
116.50 77.00 27.00 34.00
120.50 77.00 27.00 34.00
120.50 77.00 27.00 34.00
120.50 77.00 27.00 34.00
120.50 77.00 27.00 34.00
120.50 77.00 27.00 34.00
120.50 77.00 27.00 34.00
120.50 77.00 27.00 34.00
120.50 77.00 27.00 34.00
124.50 77.00 27.00 34.00
124.50 77.00 27.00 34.00
124.50 77.00 27.00 34.00
124.50 77.00 27.00 34.00
128.50 77.00 27.00 34.00
128.50 77.00 27.00 34.00
128.50 77.00 27.00 34.00
128.50 77.00 27.00 34.00
132.50 77.00 27.00 34.00
132.50 77.00 27.00 34.00
132.50 77.00 27.00 34.00
132.50 77.00 27.00 34.00
136.50 77.00 27.00 34.00
136.50 77.00 27.00 34.00
136.50 77.00 27.00 34.00
140.50 77.00 27.00 34.00
140.50 77.00 27.00 34.00
140.50 77.00 27.00 34.00
140.50 77.00 27.00 34.00
144.50 77.00 27.00 34.00
144.50 77.00 27.00 34.00
144.50 77.00 27.00 34.00
144.50 77.00 27.00 34.00
148.50 77.00 27.00 34.00
148.50 77.00 27.00 34.00
148.50 77.00 27.00 34.00
148.50 77.00 27.00 34.00
148.50 77.00 27.00 34.00
152.50 77.00 27.00 34.00
152.50 77.00 27.00 34.00
152.50 77.00 27.00 34.00
152.50 77.00 27.00 34.00
152.50 77.00 27.00 34.00
156.50 77.00 27.00 34.00
156.50 77.00 27.00 34.00
156.50 77.00 27.00 34.00
156.50 77.00 27.00 34.00
156.50 77.00 27.00 34.00
156.50 77.00 27.00 34.00
156.50 77.00 27.00 34.00
156.50 77.00 27.00 34.00
156.50 81.00 27.00 34.00
156.50 81.00 27.00 34.00
156.50 81.00 27.00 34.00
156.50 81.00 27.00 34.00
156.50 81.00 27.00 34.00
156.50 81.00 27.00 34.00
156.50 85.00 27.00 34.00
156.50 85.00 27.00 34.00
156.50 85.00 27.00 34.00
156.50 85.00 27.00 34.00
156.50 85.00 27.00 34.00
156.50 85.00 27.00 34.00
156.50 89.00 27.00 34.00
156.50 89.00 27.00 34.00
156.50 89.00 27.00 34.00
156.50 89.00 27.00 34.00
156.50 89.00 27.00 34.00
156.50 89.00 27.00 34.00
156.50 89.00 27.00 34.00
156.50 89.00 27.00 34.00
156.50 89.00 27.00 34.00
156.50 89.00 27.00 34.00
156.50 89.00 27.00 34.00
156.50 89.00 27.00 34.00
156.50 89.00 27.00 34.00
156.50 89.00 27.00 34.00
156.50 89.00 27.00 34.00
156.50 89.00 27.00 34.00
156.50 89.00 27.00 34.00
156.50 89.00 27.00 34.00
156.50 89.00 27.00 34.00
156.50 89.00 27.00 34.00
156.50 89.00 27.00 34.00
152.50 85.00 27.00 34.00
152.50 85.00 27.00 34.00
152.50 85.00 27.00 34.00
152.50 85.00 27.00 34.00
152.50 85.00 27.00 34.00
152.50 85.00 27.00 34.00
152.50 81.00 27.00 34.00
152.50 81.00 27.00 34.00
152.50 81.00 27.00 34.00
152.50 81.00 27.00 34.00
152.50 81.00 27.00 34.00
152.50 77.00 27.00 34.00
152.50 77.00 27.00 34.00
152.50 77.00 27.00 34.00
152.50 77.00 27.00 34.00
152.50 77.00 27.00 34.00
152.50 77.00 27.00 34.00
152.50 77.00 27.00 34.00
152.50 77.00 27.00 34.00
152.50 77.00 27.00 34.00
152.50 77.00 27.00 34.00
152.50 77.00 27.00 34.00
152.50 77.00 27.00 34.00
152.50 77.00 27.00 34.00
152.50 77.00 27.00 34.00
152.50 77.00 27.00 34.00
152.50 77.00 27.00 34.00
152.50 77.00 27.00 34.00
152.50 77.00 27.00 34.00
152.50 77.00 27.00 34.00
152.50 77.00 27.00 34.00
152.50 77.00 27.00 34.00
152.50 77.00 27.00 34.00
148.50 77.00 27.00 34.00
148.50 77.00 27.00 34.00
148.50 77.00 27.00 34.00
144.50 77.00 27.00 34.00
144.50 77.00 27.00 34.00
140.50 77.00 27.00 34.00
140.50 77.00 27.00 34.00
136.50 77.00 27.00 34.00
132.50 77.00 27.00 34.00
132.50 77.00 27.00 34.00
128.50 77.00 27.00 34.00
124.50 77.00 27.00 34.00
124.50 77.00 27.00 34.00
120.50 77.00 27.00 34.00
120.50 77.00 27.00 34.00
116.50 77.00 27.00 34.00
112.50 77.00 27.00 34.00
112.50 77.00 27.00 34.00
108.50 77.00 27.00 34.00
108.50 77.00 27.00 34.00
108.50 77.00 27.00 34.00
108.50 77.00 27.00 34.00
104.50 77.00 27.00 34.00
104.50 77.00 27.00 34.00
104.50 77.00 27.00 34.00
104.50 77.00 27.00 34.00
104.50 77.00 27.00 34.00
104.50 77.00 27.00 34.00
104.50 77.00 27.00 34.00
104.50 77.00 27.00 34.00
104.50 77.00 27.00 34.00
104.50 77.00 27.00 34.00
104.50 77.00 27.00 34.00
104.50 77.00 27.00 34.00
104.50 77.00 27.00 34.00
104.50 81.00 27.00 34.00
104.50 81.00 27.00 34.00
104.50 81.00 27.00 34.00
104.50 81.00 27.00 34.00
104.50 81.00 27.00 34.00
104.50 81.00 27.00 34.00
104.50 81.00 27.00 34.00
104.50 85.00 27.00 34.00
104.50 85.00 27.00 34.00
104.50 85.00 27.00 34.00
104.50 85.00 27.00 34.00
100.50 85.00 27.00 34.00
100.50 85.00 27.00 34.00
96.50 85.00 27.00 34.00
96.50 85.00 27.00 34.00
96.50 85.00 27.00 34.00
92.50 85.00 27.00 34.00
92.50 85.00 27.00 34.00
88.50 85.00 27.00 34.00
88.50 81.00 27.00 34.00
84.50 81.00 27.00 34.00
84.50 81.00 27.00 34.00
80.50 81.00 27.00 34.00
76.50 81.00 27.00 34.00
76.50 81.00 27.00 34.00
72.50 81.00 27.00 34.00
68.50 81.00 27.00 34.00
68.50 81.00 27.00 34.00
64.50 81.00 27.00 34.00
60.50 81.00 27.00 34.00
56.50 81.00 27.00 34.00
52.50 81.00 27.00 34.00
52.50 81.00 27.00 34.00
44.50 81.00 27.00 34.00
44.50 81.00 27.00 34.00
44.50 81.00 27.00 34.00
40.50 81.00 27.00 34.00
36.50 81.00 27.00 34.00
36.50 81.00 27.00 34.00
32.50 81.00 27.00 34.00
32.50 81.00 27.00 34.00
28.50 81.00 27.00 34.00
28.50 81.00 27.00 34.00
24.50 81.00 27.00 34.00
24.50 81.00 27.00 34.00
24.50 81.00 27.00 34.00
20.50 81.00 27.00 34.00
20.50 81.00 27.00 34.00
20.50 81.00 27.00 34.00
16.50 81.00 27.00 34.00
16.50 81.00 27.00 34.00
16.50 81.00 27.00 34.00
16.50 81.00 27.00 34.00
12.50 81.00 27.00 34.00
12.50 81.00 27.00 34.00
12.50 81.00 27.00 34.00
12.50 81.00 27.00 34.00
12.50 81.00 27.00 34.00
12.50 81.00 27.00 34.00
12.50 81.00 27.00 34.00
12.50 81.00 27.00 34.00
12.50 81.00 27.00 34.00
12.50 81.00 27.00 34.00
12.50 81.00 27.00 34.00
12.50 81.00 27.00 34.00
12.50 81.00 27.00 34.00
12.50 81.00 27.00 34.00
12.50 81.00 27.00 34.00
12.50 81.00 27.00 34.00
12.50 81.00 27.00 34.00
16.50 81.00 27.00 34.00
16.50 81.00 27.00 34.00
16.50 81.00 27.00 34.00
20.50 81.00 27.00 34.00
20.50 81.00 27.00 34.00
20.50 81.00 27.00 34.00
24.50 85.00 27.00 34.00
24.50 85.00 27.00 34.00
28.50 85.00 27.00 34.00
32.50 89.00 27.00 34.00
36.50 89.00 27.00 34.00
40.50 93.00 27.00 34.00
40.50 93.00 27.00 34.00
48.50 97.00 27.00 34.00
48.50 97.00 27.00 34.00
52.50 101.00 27.00 34.00
56.50 105.00 27.00 34.00
60.50 105.00 27.00 34.00
60.50 109.00 27.00 34.00
64.50 113.00 27.00 34.00
68.50 113.00 27.00 34.00
72.50 117.00 27.00 34.00
72.50 117.00 27.00 34.00
76.50 121.00 27.00 34.00
76.50 121.00 27.00 34.00
80.50 125.00 27.00 34.00
80.50 125.00 27.00 34.00
84.50 129.00 27.00 34.00
84.50 129.00 27.00 34.00
88.50 129.00 27.00 34.00
88.50 129.00 27.00 34.00
92.50 133.00 27.00 34.00
92.50 133.00 27.00 34.00
96.50 133.00 27.00 34.00
96.50 133.00 27.00 34.00
96.50 133.00 27.00 34.00
100.50 137.00 27.00 34.00
100.50 137.00 27.00 34.00
100.50 137.00 27.00 34.00
104.50 137.00 27.00 34.00
104.50 137.00 27.00 34.00
104.50 137.00 27.00 34.00
108.50 137.00 27.00 34.00
108.50 141.00 27.00 34.00
108.50 141.00 27.00 34.00
112.50 141.00 27.00 34.00
112.50 141.00 27.00 34.00
112.50 141.00 27.00 34.00
112.50 141.00 27.00 34.00
116.50 137.00 27.00 34.00
116.50 137.00 27.00 34.00
116.50 137.00 27.00 34.00
116.50 133.00 27.00 34.00
116.50 133.00 27.00 34.00
116.50 133.00 27.00 34.00
116.50 129.00 27.00 34.00
116.50 129.00 27.00 34.00
120.50 129.00 27.00 34.00
120.50 129.00 27.00 34.00
120.50 125.00 27.00 34.00
120.50 125.00 27.00 34.00
120.50 125.00 27.00 34.00
124.50 125.00 27.00 34.00
124.50 121.00 27.00 34.00
124.50 121.00 27.00 34.00
124.50 121.00 27.00 34.00
124.50 121.00 27.00 34.00
124.50 121.00 27.00 34.00
128.50 121.00 27.00 34.00
128.50 121.00 27.00 34.00
128.50 121.00 27.00 34.00
128.50 121.00 27.00 34.00
128.50 121.00 27.00 34.00
128.50 117.00 27.00 34.00
128.50 117.00 27.00 34.00
128.50 117.00 27.00 34.00
128.50 117.00 27.00 34.00
128.50 117.00 27.00 34.00
128.50 117.00 27.00 34.00
128.50 117.00 27.00 34.00
132.50 117.00 27.00 34.00
132.50 117.00 27.00 34.00
132.50 117.00 27.00 34.00
136.50 117.00 27.00 34.00
136.50 117.00 27.00 34.00
140.50 117.00 27.00 34.00
140.50 117.00 27.00 34.00
144.50 113.00 27.00 34.00
148.50 113.00 27.00 34.00
152.50 113.00 27.00 34.00
156.50 113.00 27.00 34.00
160.50 113.00 27.00 34.00
160.50 109.00 27.00 34.00
168.50 109.00 27.00 34.00
168.50 109.00 27.00 34.00
172.50 105.00 27.00 34.00
172.50 105.00 27.00 34.00
176.50 105.00 27.00 34.00
176.50 105.00 27.00 34.00
180.50 105.00 27.00 34.00
180.50 105.00 27.00 34.00
184.50 105.00 27.00 34.00
184.50 105.00 27.00 34.00
184.50 101.00 27.00 34.00
184.50 101.00 27.00 34.00
184.50 101.00 27.00 34.00
184.50 101.00 27.00 34.00
184.50 101.00 27.00 34.00
184.50 101.00 27.00 34.00
184.50 101.00 27.00 34.00
180.50 101.00 27.00 34.00
180.50 101.00 27.00 34.00
180.50 101.00 27.00 34.00
176.50 101.00 27.00 34.00
176.50 101.00 27.00 34.00
176.50 101.00 27.00 34.00
172.50 101.00 27.00 34.00
172.50 101.00 27.00 34.00
172.50 101.00 27.00 34.00
172.50 101.00 27.00 34.00
172.50 101.00 27.00 34.00
172.50 101.00 27.00 34.00
172.50 101.00 27.00 34.00
172.50 97.00 27.00 34.00
172.50 97.00 27.00 34.00
172.50 97.00 27.00 34.00
176.50 97.00 27.00 34.00
176.50 97.00 27.00 34.00
180.50 97.00 27.00 34.00
180.50 93.00 27.00 34.00
184.50 93.00 27.00 34.00
184.50 93.00 27.00 34.00
188.50 93.00 27.00 34.00
192.50 93.00 27.00 34.00
192.50 93.00 27.00 34.00
196.50 93.00 27.00 34.00
200.50 93.00 27.00 34.00
204.50 89.00 27.00 34.00
204.50 89.00 27.00 34.00
208.50 89.00 27.00 34.00
212.50 89.00 27.00 34.00
212.50 89.00 27.00 34.00
216.50 89.00 27.00 34.00
220.50 89.00 27.00 34.00
220.50 89.00 27.00 34.00
224.50 89.00 27.00 34.00
224.50 89.00 27.00 34.00
228.50 89.00 27.00 34.00
228.50 85.00 27.00 34.00
232.50 85.00 27.00 34.00
232.50 85.00 27.00 34.00
236.50 81.00 27.00 34.00
236.50 81.00 27.00 34.00
240.50 77.00 27.00 34.00
240.50 77.00 27.00 34.00
244.50 77.00 27.00 34.00
244.50 77.00 27.00 34.00
244.50 73.00 27.00 34.00
248.50 73.00 27.00 34.00
248.50 73.00 27.00 34.00
248.50 73.00 27.00 34.00
248.50 73.00 27.00 34.00
248.50 73.00 27.00 34.00
248.50 73.00 27.00 34.00
248.50 73.00 27.00 34.00
248.50 73.00 27.00 34.00
248.50 73.00 27.00 34.00
248.50 73.00 27.00 34.00
244.50 73.00 27.00 34.00
244.50 73.00 27.00 34.00
244.50 73.00 27.00 34.00
244.50 73.00 27.00 34.00
240.50 77.00 27.00 34.00
240.50 77.00 27.00 34.00
240.50 77.00 27.00 34.00
236.50 77.00 27.00 34.00
236.50 77.00 27.00 34.00
236.50 77.00 27.00 34.00
232.50 77.00 27.00 34.00
232.50 77.00 27.00 34.00
228.50 81.00 27.00 34.00
228.50 81.00 27.00 34.00
224.50 81.00 27.00 34.00
224.50 81.00 27.00 34.00
224.50 81.00 27.00 34.00
220.50 81.00 27.00 34.00
220.50 81.00 27.00 34.00
216.50 81.00 27.00 34.00
216.50 81.00 27.00 34.00
212.50 81.00 27.00 34.00
212.50 81.00 27.00 34.00
212.50 81.00 27.00 34.00
208.50 81.00 27.00 34.00
208.50 81.00 27.00 34.00
208.50 81.00 27.00 34.00
204.50 81.00 27.00 34.00
204.50 81.00 27.00 34.00
204.50 81.00 27.00 34.00
204.50 81.00 27.00 34.00
204.50 81.00 27.00 34.00
204.50 81.00 27.00 34.00
204.50 81.00 27.00 34.00
204.50 81.00 27.00 34.00
204.50 81.00 27.00 34.00
204.50 81.00 27.00 34.00
204.50 81.00 27.00 34.00
204.50 81.00 27.00 34.00
204.50 81.00 27.00 34.00
204.50 81.00 27.00 34.00
204.50 81.00 27.00 34.00
204.50 81.00 27.00 34.00
204.50 81.00 27.00 34.00
204.50 81.00 27.00 34.00
208.50 81.00 27.00 34.00
208.50 81.00 27.00 34.00
208.50 81.00 27.00 34.00
208.50 77.00 27.00 34.00
208.50 77.00 27.00 34.00
208.50 77.00 27.00 34.00
208.50 77.00 27.00 34.00
