138.50 112.00 51.00 36.00
138.50 112.00 51.00 36.00
138.50 116.00 51.00 36.00
138.50 116.00 51.00 36.00
138.50 120.00 51.00 36.00
138.50 120.00 51.00 36.00
138.50 120.00 51.00 36.00
138.50 120.00 51.00 36.00
138.50 120.00 51.00 36.00
138.50 120.00 51.00 36.00
138.50 120.00 51.00 36.00
138.50 120.00 51.00 36.00
138.50 120.00 51.00 36.00
134.50 120.00 51.00 36.00
134.50 120.00 51.00 36.00
134.50 120.00 51.00 36.00
134.50 120.00 51.00 36.00
134.50 120.00 51.00 36.00
134.50 116.00 51.00 36.00
134.50 116.00 51.00 36.00
134.50 116.00 51.00 36.00
134.50 116.00 51.00 36.00
134.50 116.00 51.00 36.00
134.50 116.00 51.00 36.00
134.50 116.00 51.00 36.00
134.50 112.00 51.00 36.00
138.50 112.00 51.00 36.00
138.50 112.00 51.00 36.00
138.50 112.00 51.00 36.00
138.50 112.00 51.00 36.00
138.50 112.00 51.00 36.00
138.50 112.00 51.00 36.00
138.50 108.00 51.00 36.00
142.50 108.00 51.00 36.00
142.50 108.00 51.00 36.00
142.50 108.00 51.00 36.00
142.50 108.00 51.00 36.00
146.50 108.00 51.00 36.00
146.50 108.00 51.00 36.00
150.50 108.00 51.00 36.00
150.50 108.00 51.00 36.00
154.50 108.00 51.00 36.00
158.50 108.00 51.00 36.00
162.50 108.00 51.00 36.00
162.50 108.00 51.00 36.00
166.50 108.00 51.00 36.00
166.50 112.00 51.00 36.00
170.50 112.00 51.00 36.00
170.50 112.00 51.00 36.00
174.50 112.00 51.00 36.00
174.50 108.00 51.00 36.00
178.50 108.00 51.00 36.00
178.50 104.00 51.00 36.00
182.50 104.00 51.00 36.00
182.50 104.00 51.00 36.00
182.50 100.00 51.00 36.00
182.50 100.00 51.00 36.00
186.50 100.00 51.00 36.00
186.50 100.00 51.00 36.00
186.50 100.00 51.00 36.00
186.50 100.00 51.00 36.00
186.50 100.00 51.00 36.00
190.50 100.00 51.00 36.00
190.50 100.00 51.00 36.00
190.50 100.00 51.00 36.00
190.50 104.00 51.00 36.00
190.50 104.00 51.00 36.00
190.50 104.00 51.00 36.00
190.50 104.00 51.00 36.00
190.50 104.00 51.00 36.00
190.50 104.00 51.00 36.00
190.50 104.00 51.00 36.00
190.50 104.00 51.00 36.00
186.50 104.00 51.00 36.00
186.50 104.00 51.00 36.00
186.50 104.00 51.00 36.00
186.50 104.00 51.00 36.00
186.50 104.00 51.00 36.00
182.50 104.00 51.00 36.00
182.50 104.00 51.00 36.00
182.50 104.00 51.00 36.00
182.50 104.00 51.00 36.00
178.50 104.00 51.00 36.00
178.50 100.00 51.00 36.00
178.50 100.00 51.00 36.00
178.50 100.00 51.00 36.00
174.50 100.00 51.00 36.00
174.50 100.00 51.00 36.00
174.50 100.00 51.00 36.00
174.50 100.00 51.00 36.00
170.50 100.00 51.00 36.00
170.50 100.00 51.00 36.00
170.50 100.00 51.00 36.00
170.50 100.00 51.00 36.00
170.50 100.00 51.00 36.00
170.50 104.00 51.00 36.00
170.50 104.00 51.00 36.00
170.50 104.00 51.00 36.00
170.50 104.00 51.00 36.00
170.50 104.00 51.00 36.00
170.50 104.00 51.00 36.00
170.50 104.00 51.00 36.00
170.50 104.00 51.00 36.00
170.50 104.00 51.00 36.00
166.50 104.00 51.00 36.00
166.50 104.00 51.00 36.00
166.50 104.00 51.00 36.00
166.50 104.00 51.00 36.00
166.50 104.00 51.00 36.00
166.50 104.00 51.00 36.00
166.50 104.00 51.00 36.00
166.50 104.00 51.00 36.00
166.50 104.00 51.00 36.00
166.50 104.00 51.00 36.00
162.50 104.00 51.00 36.00
162.50 104.00 51.00 36.00
162.50 104.00 51.00 36.00
162.50 104.00 51.00 36.00
162.50 104.00 51.00 36.00
162.50 100.00 51.00 36.00
162.50 100.00 51.00 36.00
162.50 100.00 51.00 36.00
162.50 100.00 51.00 36.00
162.50 96.00 51.00 36.00
162.50 96.00 51.00 36.00
162.50 96.00 51.00 36.00
162.50 92.00 51.00 36.00
162.50 92.00 51.00 36.00
162.50 92.00 51.00 36.00
162.50 88.00 51.00 36.00
162.50 88.00 51.00 36.00
162.50 88.00 51.00 36.00
162.50 88.00 51.00 36.00
162.50 88.00 51.00 36.00
162.50 84.00 51.00 36.00
162.50 84.00 51.00 36.00
166.50 84.00 51.00 36.00
166.50 84.00 51.00 36.00
166.50 84.00 51.00 36.00
166.50 84.00 51.00 36.00
166.50 80.00 51.00 36.00
166.50 80.00 51.00 36.00
166.50 80.00 51.00 36.00
166.50 80.00 51.00 36.00
166.50 80.00 51.00 36.00
166.50 80.00 51.00 36.00
166.50 80.00 51.00 36.00
166.50 80.00 51.00 36.00
166.50 80.00 51.00 36.00
166.50 80.00 51.00 36.00
166.50 80.00 51.00 36.00
166.50 80.00 51.00 36.00
166.50 76.00 51.00 36.00
166.50 76.00 51.00 36.00
166.50 76.00 51.00 36.00
166.50 76.00 51.00 36.00
166.50 76.00 51.00 36.00
166.50 76.00 51.00 36.00
166.50 76.00 51.00 36.00
166.50 76.00 51.00 36.00
166.50 76.00 51.00 36.00
166.50 76.00 51.00 36.00
166.50 76.00 51.00 36.00
166.50 76.00 51.00 36.00
166.50 76.00 51.00 36.00
166.50 76.00 51.00 36.00
166.50 76.00 51.00 36.00
166.50 76.00 51.00 36.00
166.50 76.00 51.00 36.00
166.50 76.00 51.00 36.00
166.50 76.00 51.00 36.00
166.50 76.00 51.00 36.00
166.50 80.00 51.00 36.00
166.50 80.00 51.00 36.00
166.50 80.00 51.00 36.00
166.50 80.00 51.00 36.00
166.50 80.00 51.00 36.00
166.50 80.00 51.00 36.00
166.50 84.00 51.00 36.00
166.50 84.00 51.00 36.00
166.50 84.00 51.00 36.00
166.50 84.00 51.00 36.00
166.50 84.00 51.00 36.00
166.50 88.00 51.00 36.00
166.50 88.00 51.00 36.00
166.50 88.00 51.00 36.00
166.50 88.00 51.00 36.00
166.50 92.00 51.00 36.00
170.50 92.00 51.00 36.00
170.50 92.00 51.00 36.00
170.50 96.00 51.00 36.00
170.50 96.00 51.00 36.00
170.50 96.00 51.00 36.00
170.50 100.00 51.00 36.00
170.50 100.00 51.00 36.00
170.50 100.00 51.00 36.00
170.50 100.00 51.00 36.00
170.50 104.00 51.00 36.00
170.50 104.00 51.00 36.00
170.50 104.00 51.00 36.00
170.50 104.00 51.00 36.00
170.50 104.00 51.00 36.00
170.50 108.00 51.00 36.00
170.50 108.00 51.00 36.00
170.50 108.00 51.00 36.00
170.50 112.00 51.00 36.00
170.50 112.00 51.00 36.00
170.50 112.00 51.00 36.00
170.50 112.00 51.00 36.00
170.50 116.00 51.00 36.00
170.50 116.00 51.00 36.00
170.50 116.00 51.00 36.00
170.50 120.00 51.00 36.00
170.50 120.00 51.00 36.00
170.50 120.00 51.00 36.00
170.50 124.00 51.00 36.00
170.50 124.00 51.00 36.00
170.50 124.00 51.00 36.00
170.50 128.00 51.00 36.00
170.50 128.00 51.00 36.00
170.50 132.00 51.00 36.00
170.50 132.00 51.00 36.00
170.50 132.00 51.00 36.00
170.50 136.00 51.00 36.00
170.50 136.00 51.00 36.00
170.50 136.00 51.00 36.00
170.50 136.00 51.00 36.00
170.50 136.00 51.00 36.00
170.50 136.00 51.00 36.00
170.50 136.00 51.00 36.00
170.50 140.00 51.00 36.00
170.50 140.00 51.00 36.00
170.50 140.00 51.00 36.00
170.50 140.00 51.00 36.00
170.50 140.00 51.00 36.00
170.50 140.00 51.00 36.00
170.50 140.00 51.00 36.00
170.50 140.00 51.00 36.00
170.50 140.00 51.00 36.00
170.50 136.00 51.00 36.00
170.50 136.00 51.00 36.00
170.50 136.00 51.00 36.00
170.50 132.00 51.00 36.00
170.50 128.00 51.00 36.00
170.50 128.00 51.00 36.00
170.50 124.00 51.00 36.00
170.50 124.00 51.00 36.00
166.50 120.00 51.00 36.00
166.50 120.00 51.00 36.00
170.50 116.00 51.00 36.00
170.50 116.00 51.00 36.00
170.50 116.00 51.00 36.00
170.50 116.00 51.00 36.00
170.50 116.00 51.00 36.00
170.50 116.00 51.00 36.00
170.50 112.00 51.00 36.00
166.50 112.00 51.00 36.00
166.50 112.00 51.00 36.00
166.50 112.00 51.00 36.00
166.50 112.00 51.00 36.00
162.50 112.00 51.00 36.00
162.50 108.00 51.00 36.00
162.50 108.00 51.00 36.00
162.50 108.00 51.00 36.00
162.50 104.00 51.00 36.00
162.50 104.00 51.00 36.00
162.50 104.00 51.00 36.00
162.50 100.00 51.00 36.00
162.50 100.00 51.00 36.00
162.50 100.00 51.00 36.00
162.50 100.00 51.00 36.00
162.50 96.00 51.00 36.00
162.50 96.00 51.00 36.00
162.50 96.00 51.00 36.00
162.50 96.00 51.00 36.00
166.50 96.00 51.00 36.00
166.50 96.00 51.00 36.00
166.50 96.00 51.00 36.00
166.50 96.00 51.00 36.00
166.50 96.00 51.00 36.00
166.50 96.00 51.00 36.00
166.50 96.00 51.00 36.00
166.50 96.00 51.00 36.00
166.50 96.00 51.00 36.00
166.50 96.00 51.00 36.00
166.50 96.00 51.00 36.00
166.50 96.00 51.00 36.00
166.50 96.00 51.00 36.00
166.50 96.00 51.00 36.00
166.50 96.00 51.00 36.00
166.50 96.00 51.00 36.00
166.50 96.00 51.00 36.00
166.50 96.00 51.00 36.00
166.50 96.00 51.00 36.00
166.50 96.00 51.00 36.00
166.50 96.00 51.00 36.00
166.50 96.00 51.00 36.00
166.50 96.00 51.00 36.00
166.50 96.00 51.00 36.00
166.50 96.00 51.00 36.00
166.50 96.00 51.00 36.00
166.50 96.00 51.00 36.00
166.50 96.00 51.00 36.00
166.50 96.00 51.00 36.00
166.50 96.00 51.00 36.00
166.50 96.00 51.00 36.00
166.50 96.00 51.00 36.00
166.50 96.00 51.00 36.00
166.50 96.00 51.00 36.00
166.50 96.00 51.00 36.00
166.50 96.00 51.00 36.00
166.50 96.00 51.00 36.00
170.50 96.00 51.00 36.00
170.50 96.00 51.00 36.00
170.50 96.00 51.00 36.00
170.50 96.00 51.00 36.00
170.50 96.00 51.00 36.00
170.50 96.00 51.00 36.00
170.50 96.00 51.00 36.00
170.50 96.00 51.00 36.00
170.50 96.00 51.00 36.00
170.50 96.00 51.00 36.00
170.50 96.00 51.00 36.00
170.50 96.00 51.00 36.00
170.50 96.00 51.00 36.00
174.50 96.00 51.00 36.00
174.50 96.00 51.00 36.00
174.50 96.00 51.00 36.00
174.50 96.00 51.00 36.00
174.50 96.00 51.00 36.00
174.50 96.00 51.00 36.00
174.50 96.00 51.00 36.00
174.50 96.00 51.00 36.00
174.50 96.00 51.00 36.00
174.50 96.00 51.00 36.00
178.50 96.00 51.00 36.00
178.50 96.00 51.00 36.00
178.50 96.00 51.00 36.00
178.50 96.00 51.00 36.00
178.50 96.00 51.00 36.00
178.50 96.00 51.00 36.00
178.50 96.00 51.00 36.00
178.50 96.00 51.00 36.00
178.50 96.00 51.00 36.00
178.50 96.00 51.00 36.00
178.50 96.00 51.00 36.00
178.50 96.00 51.00 36.00
178.50 96.00 51.00 36.00
178.50 96.00 51.00 36.00
178.50 96.00 51.00 36.00
178.50 96.00 51.00 36.00
178.50 96.00 51.00 36.00
178.50 96.00 51.00 36.00
178.50 96.00 51.00 36.00
178.50 96.00 51.00 36.00
178.50 96.00 51.00 36.00
178.50 100.00 51.00 36.00
178.50 100.00 51.00 36.00
178.50 100.00 51.00 36.00
178.50 100.00 51.00 36.00
182.50 100.00 51.00 36.00
182.50 96.00 51.00 36.00
182.50 96.00 51.00 36.00
182.50 96.00 51.00 36.00
182.50 96.00 51.00 36.00
182.50 96.00 51.00 36.00
182.50 96.00 51.00 36.00
182.50 96.00 51.00 36.00
182.50 96.00 51.00 36.00
182.50 96.00 51.00 36.00
182.50 96.00 51.00 36.00
186.50 96.00 51.00 36.00
186.50 96.00 51.00 36.00
186.50 96.00 51.00 36.00
186.50 96.00 51.00 36.00
186.50 96.00 51.00 36.00
186.50 96.00 51.00 36.00
186.50 96.00 51.00 36.00
186.50 96.00 51.00 36.00
186.50 96.00 51.00 36.00
186.50 96.00 51.00 36.00
186.50 96.00 51.00 36.00
190.50 96.00 51.00 36.00
190.50 96.00 51.00 36.00
190.50 96.00 51.00 36.00
190.50 96.00 51.00 36.00
190.50 96.00 51.00 36.00
190.50 96.00 51.00 36.00
190.50 100.00 51.00 36.00
190.50 100.00 51.00 36.00
190.50 100.00 51.00 36.00
190.50 100.00 51.00 36.00
190.50 100.00 51.00 36.00
190.50 100.00 51.00 36.00
190.50 100.00 51.00 36.00
190.50 100.00 51.00 36.00
190.50 100.00 51.00 36.00
190.50 100.00 51.00 36.00
190.50 100.00 51.00 36.00
190.50 100.00 51.00 36.00
190.50 100.00 51.00 36.00
190.50 100.00 51.00 36.00
190.50 100.00 51.00 36.00
190.50 100.00 51.00 36.00
190.50 100.00 51.00 36.00
190.50 100.00 51.00 36.00
190.50 100.00 51.00 36.00
190.50 100.00 51.00 36.00
190.50 100.00 51.00 36.00
190.50 100.00 51.00 36.00
190.50 100.00 51.00 36.00
190.50 100.00 51.00 36.00
190.50 100.00 51.00 36.00
190.50 100.00 51.00 36.00
190.50 100.00 51.00 36.00
190.50 100.00 51.00 36.00
190.50 100.00 51.00 36.00
190.50 100.00 51.00 36.00
190.50 100.00 51.00 36.00
190.50 100.00 51.00 36.00
190.50 100.00 51.00 36.00
190.50 100.00 51.00 36.00
190.50 100.00 51.00 36.00
190.50 100.00 51.00 36.00
190.50 100.00 51.00 36.00
190.50 100.00 51.00 36.00
190.50 100.00 51.00 36.00
190.50 100.00 51.00 36.00
190.50 100.00 51.00 36.00
190.50 100.00 51.00 36.00
194.50 100.00 51.00 36.00
194.50 100.00 51.00 36.00
194.50 100.00 51.00 36.00
194.50 100.00 51.00 36.00
194.50 100.00 51.00 36.00
194.50 100.00 51.00 36.00
194.50 100.00 51.00 36.00
194.50 100.00 51.00 36.00
194.50 100.00 51.00 36.00
194.50 100.00 51.00 36.00
190.50 100.00 51.00 36.00
190.50 100.00 51.00 36.00
190.50 100.00 51.00 36.00
190.50 100.00 51.00 36.00
186.50 100.00 51.00 36.00
186.50 100.00 51.00 36.00
186.50 100.00 51.00 36.00
186.50 100.00 51.00 36.00
186.50 100.00 51.00 36.00
186.50 100.00 51.00 36.00
182.50 100.00 51.00 36.00
182.50 100.00 51.00 36.00
182.50 100.00 51.00 36.00
182.50 100.00 51.00 36.00
182.50 100.00 51.00 36.00
182.50 100.00 51.00 36.00
182.50 100.00 51.00 36.00
182.50 100.00 51.00 36.00
182.50 100.00 51.00 36.00
182.50 100.00 51.00 36.00
182.50 100.00 51.00 36.00
178.50 100.00 51.00 36.00
178.50 100.00 51.00 36.00
178.50 100.00 51.00 36.00
178.50 100.00 51.00 36.00
182.50 100.00 51.00 36.00
182.50 100.00 51.00 36.00
182.50 100.00 51.00 36.00
182.50 100.00 51.00 36.00
182.50 100.00 51.00 36.00
182.50 100.00 51.00 36.00
182.50 100.00 51.00 36.00
182.50 100.00 51.00 36.00
186.50 100.00 51.00 36.00
186.50 100.00 51.00 36.00
186.50 100.00 51.00 36.00
186.50 100.00 51.00 36.00
186.50 100.00 51.00 36.00
186.50 100.00 51.00 36.00
190.50 100.00 51.00 36.00
190.50 100.00 51.00 36.00
190.50 100.00 51.00 36.00
190.50 100.00 51.00 36.00
190.50 100.00 51.00 36.00
194.50 100.00 51.00 36.00
194.50 100.00 51.00 36.00
194.50 100.00 51.00 36.00
194.50 100.00 51.00 36.00
198.50 100.00 51.00 36.00
198.50 100.00 51.00 36.00
198.50 100.00 51.00 36.00
202.50 100.00 51.00 36.00
202.50 100.00 51.00 36.00
202.50 100.00 51.00 36.00
206.50 100.00 51.00 36.00
206.50 100.00 51.00 36.00
206.50 100.00 51.00 36.00
206.50 100.00 51.00 36.00
206.50 100.00 51.00 36.00
206.50 100.00 51.00 36.00
206.50 100.00 51.00 36.00
206.50 100.00 51.00 36.00
206.50 100.00 51.00 36.00
202.50 100.00 51.00 36.00
202.50 100.00 51.00 36.00
198.50 100.00 51.00 36.00
198.50 100.00 51.00 36.00
198.50 100.00 51.00 36.00
194.50 100.00 51.00 36.00
194.50 100.00 51.00 36.00
190.50 100.00 51.00 36.00
190.50 100.00 51.00 36.00
190.50 100.00 51.00 36.00
190.50 100.00 51.00 36.00
186.50 100.00 51.00 36.00
186.50 96.00 51.00 36.00
186.50 96.00 51.00 36.00
186.50 96.00 51.00 36.00
186.50 96.00 51.00 36.00
186.50 96.00 51.00 36.00
186.50 96.00 51.00 36.00
186.50 96.00 51.00 36.00
186.50 96.00 51.00 36.00
186.50 96.00 51.00 36.00
186.50 96.00 51.00 36.00
182.50 96.00 51.00 36.00
182.50 96.00 51.00 36.00
182.50 96.00 51.00 36.00
182.50 92.00 51.00 36.00
182.50 92.00 51.00 36.00
182.50 92.00 51.00 36.00
182.50 88.00 51.00 36.00
182.50 88.00 51.00 36.00
182.50 88.00 51.00 36.00
182.50 88.00 51.00 36.00
182.50 88.00 51.00 36.00
182.50 88.00 51.00 36.00
182.50 88.00 51.00 36.00
182.50 88.00 51.00 36.00
182.50 88.00 51.00 36.00
182.50 88.00 51.00 36.00
182.50 84.00 51.00 36.00
182.50 84.00 51.00 36.00
182.50 84.00 51.00 36.00
182.50 84.00 51.00 36.00
182.50 84.00 51.00 36.00
182.50 84.00 51.00 36.00
182.50 84.00 51.00 36.00
182.50 84.00 51.00 36.00
182.50 84.00 51.00 36.00
182.50 84.00 51.00 36.00
182.50 84.00 51.00 36.00
182.50 84.00 51.00 36.00
182.50 88.00 51.00 36.00
182.50 88.00 51.00 36.00
182.50 88.00 51.00 36.00
182.50 92.00 51.00 36.00
182.50 92.00 51.00 36.00
182.50 92.00 51.00 36.00
182.50 96.00 51.00 36.00
182.50 96.00 51.00 36.00
182.50 100.00 51.00 36.00
182.50 100.00 51.00 36.00
182.50 104.00 51.00 36.00
182.50 104.00 51.00 36.00
182.50 104.00 51.00 36.00
178.50 108.00 51.00 36.00
178.50 108.00 51.00 36.00
178.50 112.00 51.00 36.00
178.50 112.00 51.00 36.00
178.50 116.00 51.00 36.00
178.50 116.00 51.00 36.00
178.50 120.00 51.00 36.00
174.50 124.00 51.00 36.00
174.50 124.00 51.00 36.00
174.50 128.00 51.00 36.00
174.50 132.00 51.00 36.00
174.50 132.00 51.00 36.00
174.50 132.00 51.00 36.00
170.50 136.00 51.00 36.00
170.50 136.00 51.00 36.00
170.50 136.00 51.00 36.00
166.50 136.00 51.00 36.00
166.50 132.00 51.00 36.00
166.50 132.00 51.00 36.00
166.50 132.00 51.00 36.00
166.50 132.00 51.00 36.00
166.50 132.00 51.00 36.00
162.50 128.00 51.00 36.00
162.50 128.00 51.00 36.00
162.50 128.00 51.00 36.00
162.50 128.00 51.00 36.00
162.50 124.00 51.00 36.00
162.50 124.00 51.00 36.00
166.50 124.00 51.00 36.00
166.50 128.00 51.00 36.00
166.50 128.00 51.00 36.00
166.50 128.00 51.00 36.00
162.50 124.00 51.00 36.00
162.50 120.00 51.00 36.00
162.50 120.00 51.00 36.00
158.50 116.00 51.00 36.00
154.50 116.00 51.00 36.00
154.50 120.00 51.00 36.00
154.50 120.00 51.00 36.00
154.50 120.00 51.00 36.00
154.50 124.00 51.00 36.00
154.50 124.00 51.00 36.00
158.50 124.00 51.00 36.00
158.50 124.00 51.00 36.00
158.50 124.00 51.00 36.00
158.50 124.00 51.00 36.00
158.50 120.00 51.00 36.00
158.50 120.00 51.00 36.00
158.50 116.00 51.00 36.00
158.50 112.00 51.00 36.00
154.50 112.00 51.00 36.00
154.50 112.00 51.00 36.00
154.50 112.00 51.00 36.00
154.50 112.00 51.00 36.00
150.50 112.00 51.00 36.00
150.50 112.00 51.00 36.00
150.50 112.00 51.00 36.00
150.50 112.00 51.00 36.00
150.50 108.00 51.00 36.00
150.50 108.00 51.00 36.00
146.50 108.00 51.00 36.00
146.50 104.00 51.00 36.00
146.50 104.00 51.00 36.00
146.50 104.00 51.00 36.00
146.50 104.00 51.00 36.00
146.50 104.00 51.00 36.00
150.50 104.00 51.00 36.00
150.50 104.00 51.00 36.00
150.50 104.00 51.00 36.00
146.50 104.00 51.00 36.00
146.50 104.00 51.00 36.00
146.50 104.00 51.00 36.00
146.50 104.00 51.00 36.00
146.50 100.00 51.00 36.00
142.50 100.00 51.00 36.00
142.50 100.00 51.00 36.00
142.50 100.00 51.00 36.00
142.50 100.00 51.00 36.00
146.50 100.00 51.00 36.00
146.50 104.00 51.00 36.00
146.50 104.00 51.00 36.00
146.50 108.00 51.00 36.00
146.50 108.00 51.00 36.00
146.50 108.00 51.00 36.00
146.50 108.00 51.00 36.00
142.50 108.00 51.00 36.00
142.50 104.00 51.00 36.00
142.50 104.00 51.00 36.00
142.50 104.00 51.00 36.00
142.50 104.00 51.00 36.00
142.50 104.00 51.00 36.00
142.50 104.00 51.00 36.00
146.50 104.00 51.00 36.00
146.50 108.00 51.00 36.00
150.50 108.00 51.00 36.00
150.50 108.00 51.00 36.00
150.50 108.00 51.00 36.00
150.50 108.00 51.00 36.00
146.50 108.00 51.00 36.00
146.50 108.00 51.00 36.00
146.50 104.00 51.00 36.00
142.50 108.00 51.00 36.00
138.50 108.00 51.00 36.00
134.50 112.00 51.00 36.00
134.50 112.00 51.00 36.00
134.50 116.00 51.00 36.00
134.50 116.00 51.00 36.00
138.50 116.00 51.00 36.00
138.50 116.00 51.00 36.00
134.50 116.00 51.00 36.00
134.50 116.00 51.00 36.00
134.50 116.00 51.00 36.00
134.50 116.00 51.00 36.00
138.50 112.00 51.00 36.00
138.50 112.00 51.00 36.00
142.50 112.00 51.00 36.00
142.50 112.00 51.00 36.00
146.50 112.00 51.00 36.00
150.50 112.00 51.00 36.00
150.50 112.00 51.00 36.00
150.50 112.00 51.00 36.00
150.50 112.00 51.00 36.00
146.50 112.00 51.00 36.00
142.50 112.00 51.00 36.00
138.50 112.00 51.00 36.00
138.50 112.00 51.00 36.00
134.50 116.00 51.00 36.00
134.50 120.00 51.00 36.00
134.50 120.00 51.00 36.00
134.50 120.00 51.00 36.00
134.50 120.00 51.00 36.00
134.50 120.00 51.00 36.00
130.50 124.00 51.00 36.00
130.50 124.00 51.00 36.00
130.50 124.00 51.00 36.00
130.50 124.00 51.00 36.00
130.50 124.00 51.00 36.00
130.50 120.00 51.00 36.00
130.50 120.00 51.00 36.00
130.50 120.00 51.00 36.00
130.50 116.00 51.00 36.00
126.50 116.00 51.00 36.00
122.50 112.00 51.00 36.00
118.50 112.00 51.00 36.00
114.50 108.00 51.00 36.00
110.50 108.00 51.00 36.00
102.50 104.00 51.00 36.00
98.50 104.00 51.00 36.00
98.50 104.00 51.00 36.00
98.50 104.00 51.00 36.00
98.50 104.00 51.00 36.00
98.50 104.00 51.00 36.00
98.50 104.00 51.00 36.00
98.50 104.00 51.00 36.00
98.50 104.00 51.00 36.00
98.50 104.00 51.00 36.00
98.50 100.00 51.00 36.00
98.50 100.00 51.00 36.00
98.50 100.00 51.00 36.00
98.50 100.00 51.00 36.00
102.50 104.00 51.00 36.00
102.50 104.00 51.00 36.00
98.50 104.00 51.00 36.00
98.50 104.00 51.00 36.00
94.50 104.00 51.00 36.00
90.50 104.00 51.00 36.00
86.50 100.00 51.00 36.00
78.50 100.00 51.00 36.00
74.50 100.00 51.00 36.00
74.50 100.00 51.00 36.00
74.50 100.00 51.00 36.00
82.50 104.00 51.00 36.00
90.50 104.00 51.00 36.00
98.50 108.00 51.00 36.00
106.50 108.00 51.00 36.00
110.50 112.00 51.00 36.00
110.50 112.00 51.00 36.00
106.50 112.00 51.00 36.00
102.50 112.00 51.00 36.00
98.50 112.00 51.00 36.00
98.50 108.00 51.00 36.00
98.50 108.00 51.00 36.00
98.50 112.00 51.00 36.00
102.50 112.00 51.00 36.00
106.50 112.00 51.00 36.00
110.50 112.00 51.00 36.00
110.50 112.00 51.00 36.00
114.50 112.00 51.00 36.00
118.50 112.00 51.00 36.00
122.50 112.00 51.00 36.00
130.50 116.00 51.00 36.00
134.50 116.00 51.00 36.00
138.50 116.00 51.00 36.00
138.50 116.00 51.00 36.00
138.50 116.00 51.00 36.00
138.50 116.00 51.00 36.00
138.50 116.00 51.00 36.00
142.50 116.00 51.00 36.00
146.50 112.00 51.00 36.00
154.50 112.00 51.00 36.00
162.50 112.00 51.00 36.00
170.50 112.00 51.00 36.00
174.50 112.00 51.00 36.00
178.50 116.00 51.00 36.00
182.50 116.00 51.00 36.00
186.50 116.00 51.00 36.00
190.50 116.00 51.00 36.00
194.50 120.00 51.00 36.00
198.50 120.00 51.00 36.00
202.50 120.00 51.00 36.00
206.50 120.00 51.00 36.00
210.50 120.00 51.00 36.00
214.50 120.00 51.00 36.00
218.50 120.00 51.00 36.00
222.50 120.00 51.00 36.00
226.50 120.00 51.00 36.00
230.50 120.00 51.00 36.00
234.50 120.00 51.00 36.00
234.50 120.00 51.00 36.00
238.50 120.00 51.00 36.00
238.50 120.00 51.00 36.00
238.50 120.00 51.00 36.00
238.50 120.00 51.00 36.00
238.50 120.00 51.00 36.00
238.50 120.00 51.00 36.00
238.50 120.00 51.00 36.00
238.50 120.00 51.00 36.00
238.50 120.00 51.00 36.00
238.50 120.00 51.00 36.00
238.50 120.00 51.00 36.00
234.50 120.00 51.00 36.00
226.50 120.00 51.00 36.00
222.50 120.00 51.00 36.00
218.50 116.00 51.00 36.00
218.50 116.00 51.00 36.00
218.50 116.00 51.00 36.00
218.50 116.00 51.00 36.00
218.50 120.00 51.00 36.00
218.50 120.00 51.00 36.00
214.50 120.00 51.00 36.00
206.50 120.00 51.00 36.00
202.50 120.00 51.00 36.00
194.50 116.00 51.00 36.00
190.50 116.00 51.00 36.00
182.50 116.00 51.00 36.00
178.50 116.00 51.00 36.00
174.50 116.00 51.00 36.00
170.50 116.00 51.00 36.00
166.50 112.00 51.00 36.00
162.50 112.00 51.00 36.00
158.50 112.00 51.00 36.00
154.50 112.00 51.00 36.00
150.50 112.00 51.00 36.00
150.50 112.00 51.00 36.00
146.50 112.00 51.00 36.00
142.50 112.00 51.00 36.00
138.50 112.00 51.00 36.00
138.50 112.00 51.00 36.00
134.50 116.00 51.00 36.00
134.50 116.00 51.00 36.00
130.50 116.00 51.00 36.00
130.50 120.00 51.00 36.00
126.50 120.00 51.00 36.00
126.50 120.00 51.00 36.00
122.50 120.00 51.00 36.00
122.50 120.00 51.00 36.00
122.50 116.00 51.00 36.00
118.50 116.00 51.00 36.00
114.50 116.00 51.00 36.00
114.50 120.00 51.00 36.00
114.50 120.00 51.00 36.00
114.50 116.00 51.00 36.00
114.50 116.00 51.00 36.00
114.50 116.00 51.00 36.00
114.50 116.00 51.00 36.00
114.50 116.00 51.00 36.00
118.50 116.00 51.00 36.00
118.50 120.00 51.00 36.00
118.50 124.00 51.00 36.00
114.50 128.00 51.00 36.00
114.50 132.00 51.00 36.00
114.50 132.00 51.00 36.00
114.50 132.00 51.00 36.00
114.50 128.00 51.00 36.00
114.50 120.00 51.00 36.00
114.50 116.00 51.00 36.00
114.50 108.00 51.00 36.00
114.50 104.00 51.00 36.00
114.50 100.00 51.00 36.00
118.50 96.00 51.00 36.00
118.50 96.00 51.00 36.00
122.50 100.00 51.00 36.00
126.50 104.00 51.00 36.00
126.50 108.00 51.00 36.00
126.50 116.00 51.00 36.00
126.50 124.00 51.00 36.00
122.50 128.00 51.00 36.00
122.50 128.00 51.00 36.00
122.50 128.00 51.00 36.00
122.50 124.00 51.00 36.00
122.50 124.00 51.00 36.00
122.50 120.00 51.00 36.00
118.50 116.00 51.00 36.00
118.50 112.00 51.00 36.00
118.50 108.00 51.00 36.00
118.50 100.00 51.00 36.00
122.50 96.00 51.00 36.00
122.50 96.00 51.00 36.00
122.50 96.00 51.00 36.00
126.50 100.00 51.00 36.00
130.50 108.00 51.00 36.00
130.50 112.00 51.00 36.00
134.50 116.00 51.00 36.00
134.50 116.00 51.00 36.00
138.50 116.00 51.00 36.00
138.50 112.00 51.00 36.00
138.50 108.00 51.00 36.00
138.50 104.00 51.00 36.00
138.50 104.00 51.00 36.00
138.50 100.00 51.00 36.00
138.50 100.00 51.00 36.00
134.50 96.00 51.00 36.00
134.50 96.00 51.00 36.00
134.50 96.00 51.00 36.00
134.50 92.00 51.00 36.00
134.50 88.00 51.00 36.00
134.50 88.00 51.00 36.00
134.50 84.00 51.00 36.00
134.50 88.00 51.00 36.00
138.50 88.00 51.00 36.00
138.50 92.00 51.00 36.00
138.50 100.00 51.00 36.00
138.50 108.00 51.00 36.00
142.50 112.00 51.00 36.00
142.50 116.00 51.00 36.00
138.50 120.00 51.00 36.00
138.50 116.00 51.00 36.00
138.50 116.00 51.00 36.00
138.50 112.00 51.00 36.00
138.50 108.00 51.00 36.00
138.50 104.00 51.00 36.00
138.50 100.00 51.00 36.00
138.50 96.00 51.00 36.00
142.50 92.00 51.00 36.00
142.50 88.00 51.00 36.00
142.50 92.00 51.00 36.00
142.50 96.00 51.00 36.00
142.50 100.00 51.00 36.00
142.50 112.00 51.00 36.00
138.50 124.00 51.00 36.00
138.50 136.00 51.00 36.00
138.50 144.00 51.00 36.00
138.50 144.00 51.00 36.00
138.50 140.00 51.00 36.00
134.50 132.00 51.00 36.00
134.50 124.00 51.00 36.00
134.50 116.00 51.00 36.00
134.50 108.00 51.00 36.00
134.50 100.00 51.00 36.00
134.50 92.00 51.00 36.00
134.50 92.00 51.00 36.00
134.50 92.00 51.00 36.00
134.50 96.00 51.00 36.00
130.50 104.00 51.00 36.00
130.50 116.00 51.00 36.00
126.50 128.00 51.00 36.00
126.50 140.00 51.00 36.00
122.50 148.00 51.00 36.00
122.50 148.00 51.00 36.00
118.50 144.00 51.00 36.00
118.50 132.00 51.00 36.00
118.50 120.00 51.00 36.00
114.50 108.00 51.00 36.00
114.50 100.00 51.00 36.00
114.50 92.00 51.00 36.00
110.50 92.00 51.00 36.00
110.50 96.00 51.00 36.00
110.50 104.00 51.00 36.00
106.50 116.00 51.00 36.00
106.50 128.00 51.00 36.00
106.50 140.00 51.00 36.00
106.50 144.00 51.00 36.00
106.50 140.00 51.00 36.00
102.50 132.00 51.00 36.00
102.50 120.00 51.00 36.00
106.50 108.00 51.00 36.00
106.50 96.00 51.00 36.00
106.50 84.00 51.00 36.00
106.50 76.00 51.00 36.00
106.50 72.00 51.00 36.00
106.50 72.00 51.00 36.00
102.50 76.00 51.00 36.00
102.50 80.00 51.00 36.00
102.50 92.00 51.00 36.00
98.50 104.00 51.00 36.00
98.50 120.00 51.00 36.00
94.50 132.00 51.00 36.00
94.50 140.00 51.00 36.00
94.50 140.00 51.00 36.00
94.50 136.00 51.00 36.00
90.50 128.00 51.00 36.00
90.50 116.00 51.00 36.00
90.50 104.00 51.00 36.00
94.50 92.00 51.00 36.00
94.50 84.00 51.00 36.00
94.50 76.00 51.00 36.00
94.50 76.00 51.00 36.00
94.50 76.00 51.00 36.00
94.50 84.00 51.00 36.00
94.50 96.00 51.00 36.00
94.50 112.00 51.00 36.00
90.50 132.00 51.00 36.00
90.50 144.00 51.00 36.00
86.50 156.00 51.00 36.00
86.50 160.00 51.00 36.00
82.50 152.00 51.00 36.00
82.50 144.00 51.00 36.00
86.50 132.00 51.00 36.00
90.50 116.00 51.00 36.00
90.50 104.00 51.00 36.00
94.50 92.00 51.00 36.00
94.50 84.00 51.00 36.00
98.50 84.00 51.00 36.00
98.50 88.00 51.00 36.00
98.50 96.00 51.00 36.00
98.50 112.00 51.00 36.00
98.50 128.00 51.00 36.00
98.50 144.00 51.00 36.00
98.50 156.00 51.00 36.00
94.50 160.00 51.00 36.00
94.50 156.00 51.00 36.00
94.50 144.00 51.00 36.00
94.50 132.00 51.00 36.00
98.50 116.00 51.00 36.00
98.50 100.00 51.00 36.00
102.50 84.00 51.00 36.00
102.50 76.00 51.00 36.00
102.50 72.00 51.00 36.00
102.50 72.00 51.00 36.00
102.50 80.00 51.00 36.00
98.50 96.00 51.00 36.00
98.50 112.00 51.00 36.00
98.50 128.00 51.00 36.00
94.50 136.00 51.00 36.00
94.50 140.00 51.00 36.00
90.50 136.00 51.00 36.00
90.50 124.00 51.00 36.00
90.50 112.00 51.00 36.00
94.50 96.00 51.00 36.00
94.50 80.00 51.00 36.00
98.50 68.00 51.00 36.00
98.50 60.00 51.00 36.00
98.50 60.00 51.00 36.00
98.50 60.00 51.00 36.00
98.50 68.00 51.00 36.00
98.50 80.00 51.00 36.00
98.50 96.00 51.00 36.00
98.50 116.00 51.00 36.00
98.50 132.00 51.00 36.00
94.50 144.00 51.00 36.00
94.50 152.00 51.00 36.00
94.50 152.00 51.00 36.00
98.50 144.00 51.00 36.00
98.50 128.00 51.00 36.00
98.50 116.00 51.00 36.00
98.50 104.00 51.00 36.00
98.50 92.00 51.00 36.00
98.50 88.00 51.00 36.00
102.50 88.00 51.00 36.00
102.50 92.00 51.00 36.00
102.50 104.00 51.00 36.00
102.50 120.00 51.00 36.00
102.50 132.00 51.00 36.00
102.50 144.00 51.00 36.00
98.50 144.00 51.00 36.00
98.50 140.00 51.00 36.00
98.50 128.00 51.00 36.00
102.50 116.00 51.00 36.00
102.50 108.00 51.00 36.00
102.50 100.00 51.00 36.00
102.50 92.00 51.00 36.00
106.50 92.00 51.00 36.00
106.50 100.00 51.00 36.00
102.50 112.00 51.00 36.00
102.50 132.00 51.00 36.00
98.50 148.00 51.00 36.00
98.50 156.00 51.00 36.00
98.50 152.00 51.00 36.00
98.50 140.00 51.00 36.00
102.50 128.00 51.00 36.00
102.50 116.00 51.00 36.00
106.50 100.00 51.00 36.00
114.50 84.00 51.00 36.00
118.50 76.00 51.00 36.00
118.50 72.00 51.00 36.00
122.50 72.00 51.00 36.00
122.50 76.00 51.00 36.00
126.50 88.00 51.00 36.00
126.50 100.00 51.00 36.00
126.50 108.00 51.00 36.00
126.50 112.00 51.00 36.00
130.50 112.00 51.00 36.00
134.50 108.00 51.00 36.00
134.50 96.00 51.00 36.00
138.50 84.00 51.00 36.00
142.50 72.00 51.00 36.00
146.50 64.00 51.00 36.00
150.50 60.00 51.00 36.00
150.50 60.00 51.00 36.00
154.50 68.00 51.00 36.00
154.50 80.00 51.00 36.00
154.50 92.00 51.00 36.00
154.50 112.00 51.00 36.00
154.50 124.00 51.00 36.00
150.50 136.00 51.00 36.00
150.50 136.00 51.00 36.00
154.50 132.00 51.00 36.00
154.50 116.00 51.00 36.00
158.50 104.00 51.00 36.00
162.50 88.00 51.00 36.00
166.50 76.00 51.00 36.00
170.50 68.00 51.00 36.00
170.50 60.00 51.00 36.00
170.50 60.00 51.00 36.00
174.50 60.00 51.00 36.00
174.50 68.00 51.00 36.00
174.50 80.00 51.00 36.00
174.50 96.00 51.00 36.00
178.50 112.00 51.00 36.00
178.50 128.00 51.00 36.00
178.50 136.00 51.00 36.00
178.50 136.00 51.00 36.00
178.50 128.00 51.00 36.00
178.50 116.00 51.00 36.00
178.50 100.00 51.00 36.00
182.50 84.00 51.00 36.00
182.50 72.00 51.00 36.00
186.50 64.00 51.00 36.00
186.50 56.00 51.00 36.00
186.50 56.00 51.00 36.00
186.50 56.00 51.00 36.00
186.50 64.00 51.00 36.00
186.50 72.00 51.00 36.00
186.50 84.00 51.00 36.00
186.50 100.00 51.00 36.00
186.50 116.00 51.00 36.00
186.50 124.00 51.00 36.00
186.50 128.00 51.00 36.00
182.50 128.00 51.00 36.00
182.50 120.00 51.00 36.00
182.50 112.00 51.00 36.00
182.50 100.00 51.00 36.00
182.50 88.00 51.00 36.00
182.50 80.00 51.00 36.00
186.50 72.00 51.00 36.00
182.50 68.00 51.00 36.00
182.50 68.00 51.00 36.00
182.50 68.00 51.00 36.00
182.50 72.00 51.00 36.00
182.50 80.00 51.00 36.00
182.50 92.00 51.00 36.00
182.50 100.00 51.00 36.00
182.50 112.00 51.00 36.00
182.50 116.00 51.00 36.00
178.50 116.00 51.00 36.00
178.50 112.00 51.00 36.00
178.50 104.00 51.00 36.00
178.50 96.00 51.00 36.00
178.50 88.00 51.00 36.00
178.50 80.00 51.00 36.00
178.50 76.00 51.00 36.00
178.50 76.00 51.00 36.00
178.50 80.00 51.00 36.00
182.50 88.00 51.00 36.00
182.50 100.00 51.00 36.00
178.50 108.00 51.00 36.00
178.50 120.00 51.00 36.00
178.50 128.00 51.00 36.00
178.50 128.00 51.00 36.00
178.50 124.00 51.00 36.00
178.50 116.00 51.00 36.00
182.50 108.00 51.00 36.00
182.50 104.00 51.00 36.00
186.50 96.00 51.00 36.00
190.50 92.00 51.00 36.00
190.50 88.00 51.00 36.00
194.50 88.00 51.00 36.00
194.50 88.00 51.00 36.00
194.50 92.00 51.00 36.00
194.50 100.00 51.00 36.00
194.50 108.00 51.00 36.00
194.50 116.00 51.00 36.00
194.50 120.00 51.00 36.00
194.50 120.00 51.00 36.00
194.50 116.00 51.00 36.00
194.50 108.00 51.00 36.00
194.50 100.00 51.00 36.00
194.50 96.00 51.00 36.00
194.50 92.00 51.00 36.00
194.50 88.00 51.00 36.00
194.50 88.00 51.00 36.00
194.50 92.00 51.00 36.00
194.50 96.00 51.00 36.00
194.50 100.00 51.00 36.00
198.50 108.00 51.00 36.00
198.50 112.00 51.00 36.00
194.50 112.00 51.00 36.00
194.50 108.00 51.00 36.00
194.50 104.00 51.00 36.00
194.50 100.00 51.00 36.00
190.50 96.00 51.00 36.00
190.50 96.00 51.00 36.00
190.50 96.00 51.00 36.00
186.50 96.00 51.00 36.00
182.50 96.00 51.00 36.00
178.50 100.00 51.00 36.00
178.50 100.00 51.00 36.00
174.50 104.00 51.00 36.00
178.50 104.00 51.00 36.00
182.50 108.00 51.00 36.00
190.50 108.00 51.00 36.00
198.50 108.00 51.00 36.00
206.50 112.00 51.00 36.00
210.50 112.00 51.00 36.00
218.50 112.00 51.00 36.00
226.50 112.00 51.00 36.00
230.50 116.00 51.00 36.00
238.50 116.00 51.00 36.00
238.50 120.00 51.00 36.00
242.50 120.00 51.00 36.00
242.50 120.00 51.00 36.00
242.50 120.00 51.00 36.00
242.50 120.00 51.00 36.00
238.50 120.00 51.00 36.00
234.50 120.00 51.00 36.00
230.50 120.00 51.00 36.00
226.50 120.00 51.00 36.00
222.50 116.00 51.00 36.00
218.50 116.00 51.00 36.00
214.50 116.00 51.00 36.00
210.50 116.00 51.00 36.00
206.50 112.00 51.00 36.00
198.50 112.00 51.00 36.00
194.50 112.00 51.00 36.00
190.50 112.00 51.00 36.00
186.50 108.00 51.00 36.00
182.50 108.00 51.00 36.00
178.50 104.00 51.00 36.00
170.50 104.00 51.00 36.00
170.50 104.00 51.00 36.00
166.50 100.00 51.00 36.00
166.50 100.00 51.00 36.00
162.50 100.00 51.00 36.00
162.50 100.00 51.00 36.00
162.50 100.00 51.00 36.00
162.50 100.00 51.00 36.00
162.50 100.00 51.00 36.00
162.50 100.00 51.00 36.00
158.50 100.00 51.00 36.00
158.50 100.00 51.00 36.00
158.50 100.00 51.00 36.00
158.50 100.00 51.00 36.00
162.50 100.00 51.00 36.00
162.50 100.00 51.00 36.00
162.50 104.00 51.00 36.00
162.50 104.00 51.00 36.00
162.50 104.00 51.00 36.00
166.50 104.00 51.00 36.00
166.50 104.00 51.00 36.00
170.50 108.00 51.00 36.00
170.50 108.00 51.00 36.00
170.50 112.00 51.00 36.00
174.50 112.00 51.00 36.00
174.50 116.00 51.00 36.00
178.50 116.00 51.00 36.00
178.50 116.00 51.00 36.00
182.50 120.00 51.00 36.00
182.50 120.00 51.00 36.00
186.50 124.00 51.00 36.00
186.50 124.00 51.00 36.00
190.50 124.00 51.00 36.00
190.50 128.00 51.00 36.00
194.50 128.00 51.00 36.00
194.50 128.00 51.00 36.00
198.50 132.00 51.00 36.00
198.50 132.00 51.00 36.00
202.50 132.00 51.00 36.00
202.50 132.00 51.00 36.00
202.50 132.00 51.00 36.00
206.50 132.00 51.00 36.00
206.50 128.00 51.00 36.00
210.50 128.00 51.00 36.00
210.50 128.00 51.00 36.00
214.50 128.00 51.00 36.00
214.50 128.00 51.00 36.00
214.50 128.00 51.00 36.00
218.50 128.00 51.00 36.00
218.50 128.00 51.00 36.00
218.50 128.00 51.00 36.00
222.50 128.00 51.00 36.00
222.50 128.00 51.00 36.00
222.50 128.00 51.00 36.00
222.50 132.00 51.00 36.00
222.50 132.00 51.00 36.00
222.50 132.00 51.00 36.00
222.50 132.00 51.00 36.00
226.50 132.00 51.00 36.00
226.50 132.00 51.00 36.00
226.50 128.00 51.00 36.00
226.50 128.00 51.00 36.00
226.50 128.00 51.00 36.00
226.50 128.00 51.00 36.00
226.50 124.00 51.00 36.00
226.50 124.00 51.00 36.00
226.50 124.00 51.00 36.00
226.50 120.00 51.00 36.00
226.50 120.00 51.00 36.00
226.50 120.00 51.00 36.00
226.50 120.00 51.00 36.00
226.50 120.00 51.00 36.00
226.50 120.00 51.00 36.00
226.50 120.00 51.00 36.00
226.50 120.00 51.00 36.00
226.50 120.00 51.00 36.00
226.50 120.00 51.00 36.00
226.50 124.00 51.00 36.00
226.50 124.00 51.00 36.00
226.50 124.00 51.00 36.00
230.50 124.00 51.00 36.00
230.50 124.00 51.00 36.00
230.50 124.00 51.00 36.00
226.50 124.00 51.00 36.00
226.50 124.00 51.00 36.00
222.50 124.00 51.00 36.00
218.50 124.00 51.00 36.00
214.50 124.00 51.00 36.00
210.50 124.00 51.00 36.00
206.50 124.00 51.00 36.00
206.50 120.00 51.00 36.00
202.50 120.00 51.00 36.00
202.50 120.00 51.00 36.00
198.50 120.00 51.00 36.00
198.50 120.00 51.00 36.00
198.50 120.00 51.00 36.00
198.50 120.00 51.00 36.00
198.50 120.00 51.00 36.00
198.50 120.00 51.00 36.00
198.50 120.00 51.00 36.00
198.50 124.00 51.00 36.00
198.50 120.00 51.00 36.00
198.50 120.00 51.00 36.00
198.50 120.00 51.00 36.00
198.50 120.00 51.00 36.00
198.50 120.00 51.00 36.00
202.50 120.00 51.00 36.00
202.50 120.00 51.00 36.00
202.50 120.00 51.00 36.00
202.50 120.00 51.00 36.00
206.50 124.00 51.00 36.00
206.50 124.00 51.00 36.00
206.50 128.00 51.00 36.00
206.50 128.00 51.00 36.00
206.50 132.00 51.00 36.00
206.50 136.00 51.00 36.00
206.50 136.00 51.00 36.00
206.50 136.00 51.00 36.00
206.50 140.00 51.00 36.00
206.50 140.00 51.00 36.00
206.50 140.00 51.00 36.00
206.50 140.00 51.00 36.00
210.50 140.00 51.00 36.00
210.50 140.00 51.00 36.00
210.50 140.00 51.00 36.00
214.50 140.00 51.00 36.00
214.50 140.00 51.00 36.00
214.50 140.00 51.00 36.00
214.50 140.00 51.00 36.00
218.50 140.00 51.00 36.00
218.50 140.00 51.00 36.00
222.50 140.00 51.00 36.00
222.50 144.00 51.00 36.00
222.50 148.00 51.00 36.00
218.50 156.00 51.00 36.00
214.50 172.00 51.00 36.00
