297.50 149.00 67.00 122.00
297.50 149.00 67.00 122.00
297.50 149.00 67.00 122.00
297.50 145.00 67.00 122.00
297.50 145.00 67.00 122.00
297.50 145.00 67.00 122.00
297.50 145.00 67.00 122.00
297.50 145.00 67.00 122.00
297.50 145.00 67.00 122.00
301.50 145.00 67.00 122.00
301.50 141.00 67.00 122.00
301.50 145.00 67.00 122.00
305.50 141.00 67.00 122.00
309.50 141.00 67.00 122.00
309.50 137.00 67.00 122.00
313.50 137.00 67.00 122.00
313.50 137.00 67.00 122.00
309.50 133.00 67.00 122.00
313.50 133.00 67.00 122.00
309.50 133.00 67.00 122.00
313.50 133.00 67.00 122.00
313.50 133.00 67.00 122.00
313.50 133.00 67.00 122.00
313.50 133.00 67.00 122.00
313.50 133.00 67.00 122.00
313.50 129.00 67.00 122.00
309.50 129.00 67.00 122.00
309.50 129.00 67.00 122.00
309.50 125.00 67.00 122.00
309.50 121.00 67.00 122.00
309.50 121.00 67.00 122.00
309.50 121.00 67.00 122.00
309.50 117.00 67.00 122.00
309.50 121.00 67.00 122.00
309.50 117.00 67.00 122.00
309.50 121.00 67.00 122.00
313.50 125.00 67.00 122.00
313.50 125.00 67.00 122.00
313.50 125.00 67.00 122.00
313.50 125.00 67.00 122.00
313.50 121.00 67.00 122.00
317.50 121.00 67.00 122.00
317.50 121.00 67.00 122.00
321.50 121.00 67.00 122.00
321.50 121.00 67.00 122.00
321.50 121.00 67.00 122.00
325.50 121.00 67.00 122.00
325.50 121.00 67.00 122.00
325.50 121.00 67.00 122.00
325.50 121.00 67.00 122.00
325.50 121.00 67.00 122.00
325.50 121.00 67.00 122.00
325.50 121.00 67.00 122.00
329.50 121.00 67.00 122.00
329.50 121.00 67.00 122.00
329.50 121.00 67.00 122.00
329.50 121.00 67.00 122.00
333.50 121.00 67.00 122.00
333.50 117.00 67.00 122.00
333.50 121.00 67.00 122.00
337.50 121.00 67.00 122.00
337.50 121.00 67.00 122.00
341.50 121.00 67.00 122.00
341.50 121.00 67.00 122.00
341.50 121.00 67.00 122.00
345.50 121.00 67.00 122.00
345.50 121.00 67.00 122.00
349.50 121.00 67.00 122.00
349.50 121.00 67.00 122.00
349.50 121.00 67.00 122.00
353.50 121.00 67.00 122.00
353.50 121.00 67.00 122.00
357.50 121.00 67.00 122.00
357.50 121.00 67.00 122.00
361.50 121.00 67.00 122.00
361.50 121.00 67.00 122.00
361.50 121.00 67.00 122.00
361.50 121.00 67.00 122.00
365.50 121.00 67.00 122.00
365.50 121.00 67.00 122.00
365.50 121.00 67.00 122.00
365.50 121.00 67.00 122.00
369.50 121.00 67.00 122.00
369.50 121.00 67.00 122.00
373.50 121.00 67.00 122.00
373.50 117.00 67.00 122.00
373.50 117.00 67.00 122.00
377.50 117.00 67.00 122.00
377.50 117.00 67.00 122.00
381.50 117.00 67.00 122.00
381.50 117.00 67.00 122.00
381.50 117.00 67.00 122.00
385.50 117.00 67.00 122.00
385.50 117.00 67.00 122.00
389.50 117.00 67.00 122.00
389.50 117.00 67.00 122.00
393.50 117.00 67.00 122.00
393.50 117.00 67.00 122.00
393.50 117.00 67.00 122.00
397.50 117.00 67.00 122.00
397.50 113.00 67.00 122.00
397.50 113.00 67.00 122.00
397.50 113.00 67.00 122.00
397.50 113.00 67.00 122.00
397.50 113.00 67.00 122.00
397.50 113.00 67.00 122.00
397.50 113.00 67.00 122.00
393.50 113.00 67.00 122.00
393.50 113.00 67.00 122.00
393.50 113.00 67.00 122.00
393.50 113.00 67.00 122.00
393.50 113.00 67.00 122.00
389.50 113.00 67.00 122.00
389.50 113.00 67.00 122.00
389.50 113.00 67.00 122.00
389.50 113.00 67.00 122.00
385.50 113.00 67.00 122.00
385.50 113.00 67.00 122.00
385.50 113.00 67.00 122.00
385.50 113.00 67.00 122.00
385.50 113.00 67.00 122.00
381.50 113.00 67.00 122.00
381.50 113.00 67.00 122.00
381.50 113.00 67.00 122.00
381.50 113.00 67.00 122.00
381.50 113.00 67.00 122.00
381.50 113.00 67.00 122.00
381.50 109.00 67.00 122.00
377.50 109.00 67.00 122.00
377.50 109.00 67.00 122.00
377.50 109.00 67.00 122.00
377.50 109.00 67.00 122.00
377.50 109.00 67.00 122.00
377.50 109.00 67.00 122.00
377.50 109.00 67.00 122.00
373.50 113.00 67.00 122.00
373.50 113.00 67.00 122.00
373.50 113.00 67.00 122.00
373.50 113.00 67.00 122.00
373.50 113.00 67.00 122.00
373.50 113.00 67.00 122.00
373.50 113.00 67.00 122.00
373.50 117.00 67.00 122.00
373.50 117.00 67.00 122.00
373.50 117.00 67.00 122.00
377.50 117.00 67.00 122.00
377.50 117.00 67.00 122.00
377.50 121.00 67.00 122.00
377.50 121.00 67.00 122.00
377.50 121.00 67.00 122.00
381.50 121.00 67.00 122.00
381.50 121.00 67.00 122.00
381.50 125.00 67.00 122.00
381.50 125.00 67.00 122.00
381.50 125.00 67.00 122.00
381.50 125.00 67.00 122.00
381.50 125.00 67.00 122.00
377.50 129.00 67.00 122.00
377.50 129.00 67.00 122.00
377.50 129.00 67.00 122.00
373.50 129.00 67.00 122.00
373.50 129.00 67.00 122.00
369.50 133.00 67.00 122.00
369.50 133.00 67.00 122.00
369.50 133.00 67.00 122.00
365.50 133.00 67.00 122.00
365.50 133.00 67.00 122.00
365.50 133.00 67.00 122.00
361.50 133.00 67.00 122.00
361.50 133.00 67.00 122.00
361.50 133.00 67.00 122.00
361.50 133.00 67.00 122.00
361.50 133.00 67.00 122.00
361.50 133.00 67.00 122.00
361.50 133.00 67.00 122.00
361.50 133.00 67.00 122.00
357.50 133.00 67.00 122.00
357.50 133.00 67.00 122.00
357.50 133.00 67.00 122.00
353.50 129.00 67.00 122.00
353.50 129.00 67.00 122.00
349.50 129.00 67.00 122.00
349.50 129.00 67.00 122.00
349.50 129.00 67.00 122.00
345.50 129.00 67.00 122.00
345.50 129.00 67.00 122.00
341.50 129.00 67.00 122.00
341.50 129.00 67.00 122.00
337.50 129.00 67.00 122.00
337.50 129.00 67.00 122.00
333.50 129.00 67.00 122.00
329.50 125.00 67.00 122.00
329.50 125.00 67.00 122.00
325.50 125.00 67.00 122.00
325.50 121.00 67.00 122.00
321.50 121.00 67.00 122.00
321.50 121.00 67.00 122.00
321.50 117.00 67.00 122.00
317.50 117.00 67.00 122.00
317.50 117.00 67.00 122.00
317.50 117.00 67.00 122.00
317.50 117.00 67.00 122.00
317.50 117.00 67.00 122.00
317.50 117.00 67.00 122.00
317.50 117.00 67.00 122.00
317.50 117.00 67.00 122.00
317.50 117.00 67.00 122.00
317.50 117.00 67.00 122.00
321.50 117.00 67.00 122.00
321.50 117.00 67.00 122.00
321.50 117.00 67.00 122.00
325.50 117.00 67.00 122.00
325.50 117.00 67.00 122.00
329.50 117.00 67.00 122.00
329.50 117.00 67.00 122.00
329.50 117.00 67.00 122.00
333.50 117.00 67.00 122.00
337.50 117.00 67.00 122.00
337.50 117.00 67.00 122.00
341.50 113.00 67.00 122.00
345.50 113.00 67.00 122.00
345.50 113.00 67.00 122.00
349.50 113.00 67.00 122.00
349.50 113.00 67.00 122.00
353.50 113.00 67.00 122.00
353.50 109.00 67.00 122.00
357.50 109.00 67.00 122.00
357.50 109.00 67.00 122.00
361.50 109.00 67.00 122.00
357.50 109.00 67.00 122.00
357.50 109.00 67.00 122.00
361.50 109.00 67.00 122.00
361.50 105.00 67.00 122.00
361.50 105.00 67.00 122.00
361.50 105.00 67.00 122.00
361.50 105.00 67.00 122.00
361.50 101.00 67.00 122.00
361.50 101.00 67.00 122.00
361.50 101.00 67.00 122.00
361.50 101.00 67.00 122.00
361.50 105.00 67.00 122.00
361.50 105.00 67.00 122.00
361.50 105.00 67.00 122.00
361.50 105.00 67.00 122.00
361.50 105.00 67.00 122.00
361.50 105.00 67.00 122.00
361.50 105.00 67.00 122.00
361.50 105.00 67.00 122.00
357.50 105.00 67.00 122.00
357.50 105.00 67.00 122.00
357.50 105.00 67.00 122.00
357.50 109.00 67.00 122.00
357.50 105.00 67.00 122.00
357.50 105.00 67.00 122.00
357.50 105.00 67.00 122.00
357.50 105.00 67.00 122.00
357.50 105.00 67.00 122.00
357.50 105.00 67.00 122.00
357.50 105.00 67.00 122.00
357.50 105.00 67.00 122.00
357.50 105.00 67.00 122.00
361.50 105.00 67.00 122.00
361.50 105.00 67.00 122.00
361.50 105.00 67.00 122.00
361.50 105.00 67.00 122.00
361.50 105.00 67.00 122.00
365.50 105.00 67.00 122.00
365.50 105.00 67.00 122.00
369.50 105.00 67.00 122.00
373.50 109.00 67.00 122.00
377.50 109.00 67.00 122.00
381.50 113.00 67.00 122.00
381.50 113.00 67.00 122.00
385.50 117.00 67.00 122.00
389.50 117.00 67.00 122.00
393.50 113.00 67.00 122.00
393.50 113.00 67.00 122.00
393.50 113.00 67.00 122.00
389.50 113.00 67.00 122.00
389.50 113.00 67.00 122.00
389.50 109.00 67.00 122.00
385.50 109.00 67.00 122.00
381.50 109.00 67.00 122.00
377.50 109.00 67.00 122.00
373.50 109.00 67.00 122.00
369.50 109.00 67.00 122.00
365.50 109.00 67.00 122.00
361.50 109.00 67.00 122.00
353.50 113.00 67.00 122.00
349.50 113.00 67.00 122.00
345.50 117.00 67.00 122.00
341.50 117.00 67.00 122.00
333.50 117.00 67.00 122.00
329.50 117.00 67.00 122.00
325.50 117.00 67.00 122.00
321.50 117.00 67.00 122.00
317.50 113.00 67.00 122.00
313.50 113.00 67.00 122.00
313.50 109.00 67.00 122.00
309.50 109.00 67.00 122.00
309.50 105.00 67.00 122.00
305.50 105.00 67.00 122.00
305.50 105.00 67.00 122.00
305.50 105.00 67.00 122.00
305.50 105.00 67.00 122.00
301.50 105.00 67.00 122.00
301.50 109.00 67.00 122.00
301.50 113.00 67.00 122.00
301.50 113.00 67.00 122.00
301.50 113.00 67.00 122.00
301.50 113.00 67.00 122.00
301.50 113.00 67.00 122.00
301.50 109.00 67.00 122.00
301.50 109.00 67.00 122.00
301.50 105.00 67.00 122.00
305.50 101.00 67.00 122.00
305.50 101.00 67.00 122.00
305.50 97.00 67.00 122.00
309.50 93.00 67.00 122.00
309.50 89.00 67.00 122.00
309.50 85.00 67.00 122.00
305.50 85.00 67.00 122.00
305.50 85.00 67.00 122.00
305.50 85.00 67.00 122.00
301.50 81.00 67.00 122.00
301.50 81.00 67.00 122.00
301.50 81.00 67.00 122.00
297.50 85.00 67.00 122.00
297.50 89.00 67.00 122.00
297.50 89.00 67.00 122.00
293.50 93.00 67.00 122.00
289.50 93.00 67.00 122.00
289.50 93.00 67.00 122.00
285.50 93.00 67.00 122.00
281.50 89.00 67.00 122.00
277.50 89.00 67.00 122.00
277.50 85.00 67.00 122.00
273.50 85.00 67.00 122.00
273.50 81.00 67.00 122.00
273.50 77.00 67.00 122.00
273.50 77.00 67.00 122.00
277.50 73.00 67.00 122.00
277.50 73.00 67.00 122.00
281.50 69.00 67.00 122.00
281.50 69.00 67.00 122.00
285.50 69.00 67.00 122.00
285.50 73.00 67.00 122.00
285.50 77.00 67.00 122.00
289.50 77.00 67.00 122.00
289.50 81.00 67.00 122.00
293.50 81.00 67.00 122.00
293.50 81.00 67.00 122.00
293.50 81.00 67.00 122.00
293.50 81.00 67.00 122.00
293.50 81.00 67.00 122.00
293.50 77.00 67.00 122.00
289.50 73.00 67.00 122.00
289.50 73.00 67.00 122.00
289.50 69.00 67.00 122.00
289.50 65.00 67.00 122.00
289.50 65.00 67.00 122.00
289.50 65.00 67.00 122.00
289.50 65.00 67.00 122.00
289.50 61.00 67.00 122.00
285.50 61.00 67.00 122.00
285.50 61.00 67.00 122.00
