298.00 160.00 48.00 80.00
298.00 164.00 48.00 80.00
298.00 164.00 48.00 80.00
298.00 168.00 48.00 80.00
302.00 172.00 48.00 80.00
302.00 176.00 48.00 80.00
306.00 180.00 48.00 80.00
310.00 180.00 48.00 80.00
314.00 184.00 48.00 80.00
314.00 184.00 48.00 80.00
318.00 184.00 48.00 80.00
318.00 184.00 48.00 80.00
318.00 184.00 48.00 80.00
318.00 184.00 48.00 80.00
318.00 184.00 48.00 80.00
314.00 184.00 48.00 80.00
314.00 184.00 48.00 80.00
310.00 184.00 48.00 80.00
310.00 184.00 48.00 80.00
310.00 184.00 48.00 80.00
306.00 184.00 48.00 80.00
306.00 184.00 48.00 80.00
302.00 184.00 48.00 80.00
298.00 184.00 48.00 80.00
294.00 184.00 48.00 80.00
294.00 188.00 48.00 80.00
294.00 188.00 48.00 80.00
302.00 192.00 48.00 80.00
310.00 196.00 48.00 80.00
314.00 196.00 48.00 80.00
322.00 200.00 48.00 80.00
334.00 208.00 48.00 80.00
338.00 212.00 48.00 80.00
346.00 216.00 48.00 80.00
350.00 224.00 48.00 80.00
346.00 228.00 48.00 80.00
338.00 232.00 48.00 80.00
326.00 232.00 48.00 80.00
314.00 232.00 48.00 80.00
302.00 232.00 48.00 80.00
286.00 228.00 48.00 80.00
274.00 228.00 48.00 80.00
262.00 220.00 48.00 80.00
254.00 212.00 48.00 80.00
246.00 204.00 48.00 80.00
242.00 196.00 48.00 80.00
242.00 188.00 48.00 80.00
250.00 180.00 48.00 80.00
258.00 176.00 48.00 80.00
270.00 176.00 48.00 80.00
282.00 176.00 48.00 80.00
298.00 176.00 48.00 80.00
310.00 176.00 48.00 80.00
322.00 176.00 48.00 80.00
334.00 176.00 48.00 80.00
346.00 172.00 48.00 80.00
358.00 172.00 48.00 80.00
370.00 172.00 48.00 80.00
386.00 176.00 48.00 80.00
402.00 180.00 48.00 80.00
418.00 184.00 48.00 80.00
430.00 192.00 48.00 80.00
442.00 200.00 48.00 80.00
446.00 204.00 48.00 80.00
442.00 208.00 48.00 80.00
434.00 216.00 48.00 80.00
418.00 216.00 48.00 80.00
402.00 216.00 48.00 80.00
382.00 212.00 48.00 80.00
366.00 212.00 48.00 80.00
350.00 212.00 48.00 80.00
338.00 212.00 48.00 80.00
330.00 212.00 48.00 80.00
318.00 208.00 48.00 80.00
310.00 204.00 48.00 80.00
302.00 200.00 48.00 80.00
294.00 196.00 48.00 80.00
286.00 192.00 48.00 80.00
282.00 188.00 48.00 80.00
274.00 188.00 48.00 80.00
270.00 188.00 48.00 80.00
266.00 184.00 48.00 80.00
262.00 184.00 48.00 80.00
258.00 184.00 48.00 80.00
258.00 188.00 48.00 80.00
254.00 188.00 48.00 80.00
250.00 184.00 48.00 80.00
250.00 184.00 48.00 80.00
246.00 184.00 48.00 80.00
246.00 180.00 48.00 80.00
242.00 180.00 48.00 80.00
238.00 176.00 48.00 80.00
234.00 176.00 48.00 80.00
230.00 176.00 48.00 80.00
230.00 172.00 48.00 80.00
226.00 172.00 48.00 80.00
226.00 172.00 48.00 80.00
226.00 172.00 48.00 80.00
222.00 172.00 48.00 80.00
222.00 172.00 48.00 80.00
222.00 172.00 48.00 80.00
222.00 172.00 48.00 80.00
222.00 172.00 48.00 80.00
218.00 172.00 48.00 80.00
218.00 172.00 48.00 80.00
222.00 172.00 48.00 80.00
222.00 176.00 48.00 80.00
226.00 176.00 48.00 80.00
230.00 176.00 48.00 80.00
238.00 176.00 48.00 80.00
242.00 176.00 48.00 80.00
250.00 176.00 48.00 80.00
254.00 176.00 48.00 80.00
258.00 176.00 48.00 80.00
262.00 176.00 48.00 80.00
266.00 176.00 48.00 80.00
270.00 172.00 48.00 80.00
274.00 172.00 48.00 80.00
274.00 172.00 48.00 80.00
278.00 172.00 48.00 80.00
278.00 172.00 48.00 80.00
282.00 172.00 48.00 80.00
282.00 168.00 48.00 80.00
282.00 168.00 48.00 80.00
282.00 164.00 48.00 80.00
286.00 164.00 48.00 80.00
286.00 164.00 48.00 80.00
286.00 160.00 48.00 80.00
286.00 156.00 48.00 80.00
286.00 152.00 48.00 80.00
286.00 148.00 48.00 80.00
282.00 144.00 48.00 80.00
282.00 140.00 48.00 80.00
286.00 140.00 48.00 80.00
286.00 136.00 48.00 80.00
286.00 136.00 48.00 80.00
286.00 136.00 48.00 80.00
290.00 136.00 48.00 80.00
290.00 136.00 48.00 80.00
294.00 136.00 48.00 80.00
294.00 136.00 48.00 80.00
294.00 136.00 48.00 80.00
294.00 136.00 48.00 80.00
294.00 136.00 48.00 80.00
294.00 136.00 48.00 80.00
290.00 136.00 48.00 80.00
286.00 136.00 48.00 80.00
282.00 136.00 48.00 80.00
278.00 140.00 48.00 80.00
278.00 140.00 48.00 80.00
274.00 144.00 48.00 80.00
270.00 144.00 48.00 80.00
270.00 148.00 48.00 80.00
266.00 152.00 48.00 80.00
266.00 152.00 48.00 80.00
266.00 156.00 48.00 80.00
266.00 160.00 48.00 80.00
270.00 164.00 48.00 80.00
278.00 168.00 48.00 80.00
282.00 172.00 48.00 80.00
290.00 180.00 48.00 80.00
298.00 184.00 48.00 80.00
306.00 192.00 48.00 80.00
318.00 196.00 48.00 80.00
330.00 200.00 48.00 80.00
338.00 204.00 48.00 80.00
350.00 204.00 48.00 80.00
358.00 200.00 48.00 80.00
366.00 192.00 48.00 80.00
370.00 184.00 48.00 80.00
370.00 172.00 48.00 80.00
366.00 160.00 48.00 80.00
358.00 152.00 48.00 80.00
346.00 144.00 48.00 80.00
330.00 140.00 48.00 80.00
314.00 140.00 48.00 80.00
298.00 144.00 48.00 80.00
286.00 152.00 48.00 80.00
274.00 164.00 48.00 80.00
266.00 180.00 48.00 80.00
262.00 192.00 48.00 80.00
262.00 204.00 48.00 80.00
266.00 212.00 48.00 80.00
270.00 220.00 48.00 80.00
278.00 228.00 48.00 80.00
286.00 232.00 48.00 80.00
298.00 240.00 48.00 80.00
306.00 240.00 48.00 80.00
318.00 240.00 48.00 80.00
334.00 240.00 48.00 80.00
350.00 240.00 48.00 80.00
358.00 232.00 48.00 80.00
366.00 224.00 48.00 80.00
370.00 216.00 48.00 80.00
366.00 208.00 48.00 80.00
354.00 200.00 48.00 80.00
346.00 196.00 48.00 80.00
334.00 188.00 48.00 80.00
322.00 184.00 48.00 80.00
306.00 180.00 48.00 80.00
294.00 176.00 48.00 80.00
282.00 176.00 48.00 80.00
266.00 172.00 48.00 80.00
254.00 172.00 48.00 80.00
242.00 176.00 48.00 80.00
230.00 176.00 48.00 80.00
222.00 176.00 48.00 80.00
214.00 176.00 48.00 80.00
206.00 176.00 48.00 80.00
202.00 176.00 48.00 80.00
202.00 180.00 48.00 80.00
202.00 180.00 48.00 80.00
206.00 184.00 48.00 80.00
214.00 192.00 48.00 80.00
230.00 196.00 48.00 80.00
242.00 204.00 48.00 80.00
262.00 208.00 48.00 80.00
278.00 212.00 48.00 80.00
290.00 212.00 48.00 80.00
306.00 208.00 48.00 80.00
314.00 204.00 48.00 80.00
322.00 200.00 48.00 80.00
322.00 192.00 48.00 80.00
322.00 184.00 48.00 80.00
314.00 180.00 48.00 80.00
310.00 180.00 48.00 80.00
302.00 176.00 48.00 80.00
298.00 176.00 48.00 80.00
290.00 176.00 48.00 80.00
290.00 176.00 48.00 80.00
286.00 176.00 48.00 80.00
290.00 176.00 48.00 80.00
294.00 176.00 48.00 80.00
298.00 176.00 48.00 80.00
302.00 176.00 48.00 80.00
310.00 176.00 48.00 80.00
314.00 172.00 48.00 80.00
318.00 168.00 48.00 80.00
322.00 164.00 48.00 80.00
326.00 160.00 48.00 80.00
326.00 156.00 48.00 80.00
326.00 148.00 48.00 80.00
326.00 144.00 48.00 80.00
326.00 140.00 48.00 80.00
326.00 140.00 48.00 80.00
326.00 144.00 48.00 80.00
326.00 152.00 48.00 80.00
330.00 160.00 48.00 80.00
326.00 168.00 48.00 80.00
322.00 180.00 48.00 80.00
318.00 192.00 48.00 80.00
314.00 208.00 48.00 80.00
314.00 224.00 48.00 80.00
314.00 240.00 48.00 80.00
310.00 256.00 48.00 80.00
310.00 264.00 48.00 80.00
310.00 264.00 48.00 80.00
310.00 264.00 48.00 80.00
310.00 260.00 48.00 80.00
310.00 260.00 48.00 80.00
310.00 260.00 48.00 80.00
310.00 260.00 48.00 80.00
310.00 260.00 48.00 80.00
310.00 260.00 48.00 80.00
310.00 260.00 48.00 80.00
310.00 260.00 48.00 80.00
310.00 260.00 48.00 80.00
310.00 260.00 48.00 80.00
310.00 260.00 48.00 80.00
310.00 260.00 48.00 80.00
310.00 260.00 48.00 80.00
310.00 260.00 48.00 80.00
310.00 260.00 48.00 80.00
310.00 260.00 48.00 80.00
310.00 260.00 48.00 80.00
310.00 260.00 48.00 80.00
310.00 260.00 48.00 80.00
310.00 260.00 48.00 80.00
310.00 260.00 48.00 80.00
310.00 260.00 48.00 80.00
310.00 260.00 48.00 80.00
310.00 260.00 48.00 80.00
310.00 260.00 48.00 80.00
310.00 260.00 48.00 80.00
310.00 260.00 48.00 80.00
310.00 260.00 48.00 80.00
310.00 260.00 48.00 80.00
310.00 260.00 48.00 80.00
310.00 260.00 48.00 80.00
310.00 260.00 48.00 80.00
310.00 260.00 48.00 80.00
