50.50 47.00 25.00 62.00
46.50 39.00 25.00 62.00
34.50 39.00 25.00 62.00
30.50 43.00 25.00 62.00
34.50 39.00 25.00 62.00
30.50 39.00 25.00 62.00
30.50 39.00 25.00 62.00
34.50 43.00 25.00 62.00
38.50 39.00 25.00 62.00
38.50 35.00 25.00 62.00
42.50 31.00 25.00 62.00
46.50 31.00 25.00 62.00
58.50 35.00 25.00 62.00
66.50 31.00 25.00 62.00
66.50 31.00 25.00 62.00
82.50 31.00 25.00 62.00
98.50 35.00 25.00 62.00
90.50 27.00 25.00 62.00
82.50 27.00 25.00 62.00
86.50 23.00 25.00 62.00
86.50 27.00 25.00 62.00
82.50 27.00 25.00 62.00
82.50 35.00 25.00 62.00
86.50 39.00 25.00 62.00
78.50 43.00 25.00 62.00
74.50 43.00 25.00 62.00
78.50 31.00 25.00 62.00
78.50 23.00 25.00 62.00
70.50 15.00 25.00 62.00
62.50 15.00 25.00 62.00
62.50 19.00 25.00 62.00
70.50 23.00 25.00 62.00
78.50 27.00 25.00 62.00
86.50 27.00 25.00 62.00
86.50 43.00 25.00 62.00
90.50 47.00 25.00 62.00
86.50 47.00 25.00 62.00
90.50 35.00 25.00 62.00
90.50 47.00 25.00 62.00
90.50 51.00 25.00 62.00
94.50 55.00 25.00 62.00
94.50 55.00 25.00 62.00
94.50 55.00 25.00 62.00
90.50 51.00 25.00 62.00
86.50 47.00 25.00 62.00
82.50 51.00 25.00 62.00
82.50 55.00 25.00 62.00
86.50 51.00 25.00 62.00
86.50 51.00 25.00 62.00
90.50 43.00 25.00 62.00
86.50 47.00 25.00 62.00
86.50 35.00 25.00 62.00
82.50 35.00 25.00 62.00
86.50 43.00 25.00 62.00
86.50 43.00 25.00 62.00
86.50 51.00 25.00 62.00
86.50 51.00 25.00 62.00
90.50 51.00 25.00 62.00
82.50 51.00 25.00 62.00
82.50 43.00 25.00 62.00
82.50 39.00 25.00 62.00
82.50 39.00 25.00 62.00
90.50 43.00 25.00 62.00
86.50 51.00 25.00 62.00
86.50 43.00 25.00 62.00
90.50 27.00 25.00 62.00
90.50 27.00 25.00 62.00
94.50 43.00 25.00 62.00
86.50 51.00 25.00 62.00
86.50 47.00 25.00 62.00
86.50 35.00 25.00 62.00
82.50 39.00 25.00 62.00
82.50 35.00 25.00 62.00
82.50 55.00 25.00 62.00
78.50 63.00 25.00 62.00
82.50 67.00 25.00 62.00
86.50 79.00 25.00 62.00
86.50 83.00 25.00 62.00
90.50 79.00 25.00 62.00
94.50 87.00 25.00 62.00
90.50 79.00 25.00 62.00
90.50 71.00 25.00 62.00
90.50 71.00 25.00 62.00
94.50 67.00 25.00 62.00
94.50 67.00 25.00 62.00
94.50 67.00 25.00 62.00
90.50 71.00 25.00 62.00
86.50 71.00 25.00 62.00
82.50 71.00 25.00 62.00
82.50 67.00 25.00 62.00
82.50 75.00 25.00 62.00
82.50 59.00 25.00 62.00
82.50 55.00 25.00 62.00
82.50 55.00 25.00 62.00
82.50 51.00 25.00 62.00
78.50 51.00 25.00 62.00
78.50 63.00 25.00 62.00
78.50 63.00 25.00 62.00
78.50 63.00 25.00 62.00
78.50 71.00 25.00 62.00
74.50 71.00 25.00 62.00
74.50 67.00 25.00 62.00
74.50 59.00 25.00 62.00
74.50 47.00 25.00 62.00
78.50 47.00 25.00 62.00
78.50 51.00 25.00 62.00
78.50 51.00 25.00 62.00
82.50 55.00 25.00 62.00
82.50 59.00 25.00 62.00
82.50 63.00 25.00 62.00
78.50 63.00 25.00 62.00
74.50 67.00 25.00 62.00
74.50 67.00 25.00 62.00
74.50 71.00 25.00 62.00
70.50 67.00 25.00 62.00
74.50 75.00 25.00 62.00
74.50 67.00 25.00 62.00
74.50 59.00 25.00 62.00
74.50 63.00 25.00 62.00
74.50 63.00 25.00 62.00
70.50 63.00 25.00 62.00
70.50 63.00 25.00 62.00
70.50 63.00 25.00 62.00
70.50 63.00 25.00 62.00
66.50 47.00 25.00 62.00
62.50 39.00 25.00 62.00
62.50 35.00 25.00 62.00
62.50 39.00 25.00 62.00
58.50 47.00 25.00 62.00
58.50 51.00 25.00 62.00
54.50 51.00 25.00 62.00
58.50 51.00 25.00 62.00
58.50 55.00 25.00 62.00
58.50 47.00 25.00 62.00
50.50 59.00 25.00 62.00
42.50 59.00 25.00 62.00
46.50 47.00 25.00 62.00
50.50 47.00 25.00 62.00
54.50 43.00 25.00 62.00
54.50 47.00 25.00 62.00
