405.00 256.00 122.00 148.00
405.00 256.00 122.00 148.00
405.00 256.00 122.00 148.00
413.00 248.00 122.00 148.00
413.00 248.00 122.00 148.00
421.00 240.00 122.00 148.00
421.00 240.00 122.00 148.00
421.00 232.00 122.00 148.00
421.00 232.00 122.00 148.00
413.00 224.00 122.00 148.00
405.00 224.00 122.00 148.00
397.00 216.00 122.00 148.00
389.00 208.00 122.00 148.00
381.00 200.00 122.00 148.00
373.00 192.00 122.00 148.00
365.00 192.00 122.00 148.00
357.00 184.00 122.00 148.00
349.00 184.00 122.00 148.00
341.00 184.00 122.00 148.00
333.00 184.00 122.00 148.00
333.00 184.00 122.00 148.00
325.00 184.00 122.00 148.00
325.00 184.00 122.00 148.00
317.00 184.00 122.00 148.00
317.00 184.00 122.00 148.00
309.00 184.00 122.00 148.00
301.00 176.00 122.00 148.00
293.00 176.00 122.00 148.00
285.00 168.00 122.00 148.00
277.00 160.00 122.00 148.00
269.00 152.00 122.00 148.00
269.00 144.00 122.00 148.00
269.00 128.00 122.00 148.00
269.00 120.00 122.00 148.00
277.00 104.00 122.00 148.00
277.00 96.00 122.00 148.00
285.00 88.00 122.00 148.00
293.00 72.00 122.00 148.00
293.00 64.00 122.00 148.00
301.00 56.00 122.00 148.00
309.00 56.00 122.00 148.00
309.00 56.00 122.00 148.00
309.00 56.00 122.00 148.00
301.00 56.00 122.00 148.00
301.00 64.00 122.00 148.00
301.00 64.00 122.00 148.00
293.00 72.00 122.00 148.00
293.00 72.00 122.00 148.00
285.00 80.00 122.00 148.00
277.00 88.00 122.00 148.00
269.00 88.00 122.00 148.00
261.00 96.00 122.00 148.00
261.00 96.00 122.00 148.00
253.00 96.00 122.00 148.00
253.00 104.00 122.00 148.00
253.00 104.00 122.00 148.00
253.00 104.00 122.00 148.00
253.00 104.00 122.00 148.00
253.00 104.00 122.00 148.00
245.00 104.00 122.00 148.00
245.00 104.00 122.00 148.00
245.00 104.00 122.00 148.00
245.00 104.00 122.00 148.00
245.00 104.00 122.00 148.00
245.00 104.00 122.00 148.00
245.00 96.00 122.00 148.00
253.00 96.00 122.00 148.00
253.00 96.00 122.00 148.00
253.00 88.00 122.00 148.00
253.00 88.00 122.00 148.00
253.00 88.00 122.00 148.00
253.00 88.00 122.00 148.00
253.00 88.00 122.00 148.00
253.00 88.00 122.00 148.00
253.00 80.00 122.00 148.00
253.00 80.00 122.00 148.00
253.00 80.00 122.00 148.00
253.00 80.00 122.00 148.00
253.00 80.00 122.00 148.00
261.00 80.00 122.00 148.00
261.00 80.00 122.00 148.00
261.00 80.00 122.00 148.00
261.00 80.00 122.00 148.00
269.00 80.00 122.00 148.00
277.00 80.00 122.00 148.00
285.00 80.00 122.00 148.00
285.00 80.00 122.00 148.00
293.00 80.00 122.00 148.00
301.00 80.00 122.00 148.00
301.00 80.00 122.00 148.00
309.00 80.00 122.00 148.00
309.00 72.00 122.00 148.00
309.00 72.00 122.00 148.00
317.00 64.00 122.00 148.00
317.00 64.00 122.00 148.00
317.00 64.00 122.00 148.00
317.00 64.00 122.00 148.00
317.00 64.00 122.00 148.00
317.00 64.00 122.00 148.00
325.00 72.00 122.00 148.00
325.00 72.00 122.00 148.00
325.00 72.00 122.00 148.00
317.00 80.00 122.00 148.00
317.00 88.00 122.00 148.00
317.00 96.00 122.00 148.00
309.00 104.00 122.00 148.00
301.00 120.00 122.00 148.00
293.00 128.00 122.00 148.00
285.00 144.00 122.00 148.00
285.00 152.00 122.00 148.00
277.00 160.00 122.00 148.00
269.00 168.00 122.00 148.00
269.00 176.00 122.00 148.00
261.00 184.00 122.00 148.00
253.00 192.00 122.00 148.00
245.00 200.00 122.00 148.00
237.00 208.00 122.00 148.00
229.00 216.00 122.00 148.00
221.00 224.00 122.00 148.00
221.00 224.00 122.00 148.00
221.00 232.00 122.00 148.00
213.00 232.00 122.00 148.00
213.00 232.00 122.00 148.00
221.00 232.00 122.00 148.00
229.00 232.00 122.00 148.00
229.00 232.00 122.00 148.00
237.00 232.00 122.00 148.00
237.00 240.00 122.00 148.00
245.00 240.00 122.00 148.00
253.00 240.00 122.00 148.00
269.00 240.00 122.00 148.00
277.00 248.00 122.00 148.00
285.00 248.00 122.00 148.00
293.00 256.00 122.00 148.00
301.00 256.00 122.00 148.00
309.00 248.00 122.00 148.00
317.00 248.00 122.00 148.00
325.00 240.00 122.00 148.00
333.00 232.00 122.00 148.00
333.00 224.00 122.00 148.00
333.00 224.00 122.00 148.00
325.00 216.00 122.00 148.00
325.00 208.00 122.00 148.00
317.00 208.00 122.00 148.00
301.00 200.00 122.00 148.00
293.00 200.00 122.00 148.00
277.00 200.00 122.00 148.00
269.00 192.00 122.00 148.00
253.00 192.00 122.00 148.00
237.00 184.00 122.00 148.00
221.00 184.00 122.00 148.00
213.00 176.00 122.00 148.00
197.00 176.00 122.00 148.00
181.00 168.00 122.00 148.00
173.00 168.00 122.00 148.00
173.00 160.00 122.00 148.00
173.00 152.00 122.00 148.00
173.00 144.00 122.00 148.00
173.00 144.00 122.00 148.00
181.00 144.00 122.00 148.00
181.00 136.00 122.00 148.00
189.00 136.00 122.00 148.00
189.00 136.00 122.00 148.00
197.00 128.00 122.00 148.00
197.00 128.00 122.00 148.00
197.00 128.00 122.00 148.00
197.00 128.00 122.00 148.00
197.00 120.00 122.00 148.00
205.00 120.00 122.00 148.00
205.00 120.00 122.00 148.00
205.00 120.00 122.00 148.00
205.00 128.00 122.00 148.00
213.00 128.00 122.00 148.00
221.00 136.00 122.00 148.00
229.00 144.00 122.00 148.00
237.00 144.00 122.00 148.00
237.00 144.00 122.00 148.00
245.00 144.00 122.00 148.00
245.00 144.00 122.00 148.00
245.00 144.00 122.00 148.00
245.00 136.00 122.00 148.00
245.00 136.00 122.00 148.00
245.00 128.00 122.00 148.00
245.00 120.00 122.00 148.00
245.00 112.00 122.00 148.00
245.00 96.00 122.00 148.00
245.00 88.00 122.00 148.00
245.00 72.00 122.00 148.00
245.00 64.00 122.00 148.00
237.00 56.00 122.00 148.00
245.00 40.00 122.00 148.00
245.00 32.00 122.00 148.00
253.00 32.00 122.00 148.00
261.00 24.00 122.00 148.00
277.00 24.00 122.00 148.00
293.00 32.00 122.00 148.00
301.00 40.00 122.00 148.00
317.00 40.00 122.00 148.00
325.00 48.00 122.00 148.00
341.00 56.00 122.00 148.00
349.00 64.00 122.00 148.00
357.00 64.00 122.00 148.00
365.00 72.00 122.00 148.00
373.00 80.00 122.00 148.00
373.00 80.00 122.00 148.00
381.00 88.00 122.00 148.00
381.00 96.00 122.00 148.00
381.00 104.00 122.00 148.00
373.00 112.00 122.00 148.00
365.00 120.00 122.00 148.00
357.00 128.00 122.00 148.00
341.00 128.00 122.00 148.00
333.00 128.00 122.00 148.00
325.00 136.00 122.00 148.00
317.00 136.00 122.00 148.00
309.00 136.00 122.00 148.00
301.00 136.00 122.00 148.00
293.00 144.00 122.00 148.00
277.00 144.00 122.00 148.00
269.00 144.00 122.00 148.00
261.00 144.00 122.00 148.00
245.00 144.00 122.00 148.00
237.00 152.00 122.00 148.00
229.00 152.00 122.00 148.00
221.00 160.00 122.00 148.00
205.00 168.00 122.00 148.00
197.00 168.00 122.00 148.00
189.00 176.00 122.00 148.00
181.00 184.00 122.00 148.00
165.00 192.00 122.00 148.00
157.00 200.00 122.00 148.00
149.00 208.00 122.00 148.00
141.00 208.00 122.00 148.00
133.00 216.00 122.00 148.00
125.00 216.00 122.00 148.00
125.00 216.00 122.00 148.00
117.00 216.00 122.00 148.00
117.00 216.00 122.00 148.00
117.00 208.00 122.00 148.00
117.00 208.00 122.00 148.00
117.00 200.00 122.00 148.00
125.00 200.00 122.00 148.00
125.00 200.00 122.00 148.00
133.00 200.00 122.00 148.00
133.00 200.00 122.00 148.00
141.00 200.00 122.00 148.00
149.00 200.00 122.00 148.00
157.00 200.00 122.00 148.00
157.00 200.00 122.00 148.00
165.00 208.00 122.00 148.00
165.00 208.00 122.00 148.00
165.00 208.00 122.00 148.00
165.00 208.00 122.00 148.00
165.00 208.00 122.00 148.00
165.00 216.00 122.00 148.00
165.00 216.00 122.00 148.00
165.00 216.00 122.00 148.00
165.00 216.00 122.00 148.00
165.00 216.00 122.00 148.00
165.00 216.00 122.00 148.00
165.00 216.00 122.00 148.00
173.00 216.00 122.00 148.00
173.00 216.00 122.00 148.00
173.00 216.00 122.00 148.00
173.00 216.00 122.00 148.00
181.00 208.00 122.00 148.00
181.00 208.00 122.00 148.00
181.00 200.00 122.00 148.00
181.00 200.00 122.00 148.00
181.00 192.00 122.00 148.00
189.00 184.00 122.00 148.00
189.00 176.00 122.00 148.00
197.00 176.00 122.00 148.00
197.00 168.00 122.00 148.00
205.00 160.00 122.00 148.00
213.00 152.00 122.00 148.00
213.00 144.00 122.00 148.00
221.00 144.00 122.00 148.00
221.00 144.00 122.00 148.00
229.00 136.00 122.00 148.00
237.00 136.00 122.00 148.00
237.00 136.00 122.00 148.00
237.00 136.00 122.00 148.00
237.00 136.00 122.00 148.00
237.00 136.00 122.00 148.00
237.00 136.00 122.00 148.00
237.00 128.00 122.00 148.00
245.00 128.00 122.00 148.00
245.00 128.00 122.00 148.00
245.00 128.00 122.00 148.00
245.00 128.00 122.00 148.00
245.00 128.00 122.00 148.00
245.00 128.00 122.00 148.00
245.00 136.00 122.00 148.00
237.00 136.00 122.00 148.00
237.00 136.00 122.00 148.00
229.00 136.00 122.00 148.00
229.00 136.00 122.00 148.00
229.00 136.00 122.00 148.00
229.00 144.00 122.00 148.00
229.00 144.00 122.00 148.00
229.00 152.00 122.00 148.00
229.00 152.00 122.00 148.00
237.00 160.00 122.00 148.00
237.00 160.00 122.00 148.00
245.00 168.00 122.00 148.00
245.00 168.00 122.00 148.00
245.00 176.00 122.00 148.00
245.00 176.00 122.00 148.00
245.00 176.00 122.00 148.00
245.00 176.00 122.00 148.00
253.00 176.00 122.00 148.00
253.00 176.00 122.00 148.00
253.00 168.00 122.00 148.00
253.00 168.00 122.00 148.00
253.00 160.00 122.00 148.00
261.00 160.00 122.00 148.00
269.00 160.00 122.00 148.00
269.00 160.00 122.00 148.00
269.00 160.00 122.00 148.00
285.00 160.00 122.00 148.00
293.00 168.00 122.00 148.00
293.00 176.00 122.00 148.00
293.00 184.00 122.00 148.00
293.00 192.00 122.00 148.00
293.00 192.00 122.00 148.00
293.00 192.00 122.00 148.00
293.00 192.00 122.00 148.00
285.00 200.00 122.00 148.00
285.00 200.00 122.00 148.00
277.00 200.00 122.00 148.00
277.00 200.00 122.00 148.00
277.00 200.00 122.00 148.00
277.00 200.00 122.00 148.00
277.00 200.00 122.00 148.00
277.00 192.00 122.00 148.00
285.00 184.00 122.00 148.00
285.00 176.00 122.00 148.00
285.00 176.00 122.00 148.00
285.00 168.00 122.00 148.00
293.00 168.00 122.00 148.00
293.00 160.00 122.00 148.00
293.00 152.00 122.00 148.00
285.00 152.00 122.00 148.00
285.00 144.00 122.00 148.00
277.00 136.00 122.00 148.00
269.00 128.00 122.00 148.00
269.00 120.00 122.00 148.00
269.00 120.00 122.00 148.00
277.00 120.00 122.00 148.00
277.00 120.00 122.00 148.00
277.00 120.00 122.00 148.00
285.00 120.00 122.00 148.00
285.00 128.00 122.00 148.00
285.00 128.00 122.00 148.00
285.00 136.00 122.00 148.00
285.00 152.00 122.00 148.00
285.00 160.00 122.00 148.00
277.00 160.00 122.00 148.00
269.00 168.00 122.00 148.00
261.00 168.00 122.00 148.00
237.00 176.00 122.00 148.00
213.00 176.00 122.00 148.00
197.00 176.00 122.00 148.00
181.00 176.00 122.00 148.00
173.00 176.00 122.00 148.00
165.00 176.00 122.00 148.00
149.00 168.00 122.00 148.00
149.00 168.00 122.00 148.00
149.00 160.00 122.00 148.00
141.00 160.00 122.00 148.00
141.00 160.00 122.00 148.00
133.00 152.00 122.00 148.00
133.00 152.00 122.00 148.00
133.00 152.00 122.00 148.00
125.00 144.00 122.00 148.00
125.00 136.00 122.00 148.00
117.00 136.00 122.00 148.00
117.00 128.00 122.00 148.00
117.00 128.00 122.00 148.00
117.00 128.00 122.00 148.00
117.00 120.00 122.00 148.00
117.00 120.00 122.00 148.00
117.00 120.00 122.00 148.00
125.00 112.00 122.00 148.00
133.00 112.00 122.00 148.00
141.00 112.00 122.00 148.00
157.00 112.00 122.00 148.00
165.00 120.00 122.00 148.00
181.00 128.00 122.00 148.00
197.00 128.00 122.00 148.00
205.00 136.00 122.00 148.00
213.00 136.00 122.00 148.00
229.00 136.00 122.00 148.00
237.00 136.00 122.00 148.00
245.00 136.00 122.00 148.00
253.00 136.00 122.00 148.00
261.00 136.00 122.00 148.00
269.00 136.00 122.00 148.00
277.00 136.00 122.00 148.00
285.00 136.00 122.00 148.00
293.00 136.00 122.00 148.00
309.00 136.00 122.00 148.00
317.00 136.00 122.00 148.00
333.00 136.00 122.00 148.00
341.00 136.00 122.00 148.00
349.00 136.00 122.00 148.00
365.00 136.00 122.00 148.00
373.00 128.00 122.00 148.00
381.00 128.00 122.00 148.00
397.00 128.00 122.00 148.00
405.00 128.00 122.00 148.00
405.00 128.00 122.00 148.00
413.00 128.00 122.00 148.00
413.00 128.00 122.00 148.00
421.00 128.00 122.00 148.00
421.00 128.00 122.00 148.00
421.00 128.00 122.00 148.00
421.00 128.00 122.00 148.00
413.00 128.00 122.00 148.00
413.00 128.00 122.00 148.00
405.00 128.00 122.00 148.00
397.00 128.00 122.00 148.00
397.00 128.00 122.00 148.00
389.00 128.00 122.00 148.00
381.00 128.00 122.00 148.00
373.00 128.00 122.00 148.00
373.00 128.00 122.00 148.00
365.00 136.00 122.00 148.00
365.00 136.00 122.00 148.00
357.00 136.00 122.00 148.00
357.00 136.00 122.00 148.00
349.00 136.00 122.00 148.00
349.00 136.00 122.00 148.00
341.00 144.00 122.00 148.00
341.00 136.00 122.00 148.00
333.00 136.00 122.00 148.00
325.00 136.00 122.00 148.00
325.00 128.00 122.00 148.00
317.00 128.00 122.00 148.00
309.00 128.00 122.00 148.00
309.00 120.00 122.00 148.00
309.00 112.00 122.00 148.00
301.00 112.00 122.00 148.00
301.00 104.00 122.00 148.00
301.00 104.00 122.00 148.00
293.00 96.00 122.00 148.00
293.00 96.00 122.00 148.00
293.00 96.00 122.00 148.00
293.00 96.00 122.00 148.00
293.00 96.00 122.00 148.00
293.00 96.00 122.00 148.00
301.00 96.00 122.00 148.00
301.00 96.00 122.00 148.00
309.00 96.00 122.00 148.00
309.00 104.00 122.00 148.00
309.00 104.00 122.00 148.00
309.00 104.00 122.00 148.00
317.00 96.00 122.00 148.00
317.00 96.00 122.00 148.00
325.00 96.00 122.00 148.00
325.00 96.00 122.00 148.00
325.00 96.00 122.00 148.00
317.00 104.00 122.00 148.00
317.00 104.00 122.00 148.00
317.00 104.00 122.00 148.00
309.00 104.00 122.00 148.00
301.00 104.00 122.00 148.00
301.00 104.00 122.00 148.00
293.00 104.00 122.00 148.00
285.00 104.00 122.00 148.00
285.00 104.00 122.00 148.00
277.00 104.00 122.00 148.00
277.00 104.00 122.00 148.00
277.00 104.00 122.00 148.00
269.00 104.00 122.00 148.00
269.00 112.00 122.00 148.00
269.00 112.00 122.00 148.00
269.00 112.00 122.00 148.00
277.00 112.00 122.00 148.00
277.00 112.00 122.00 148.00
285.00 120.00 122.00 148.00
285.00 120.00 122.00 148.00
293.00 120.00 122.00 148.00
293.00 120.00 122.00 148.00
301.00 120.00 122.00 148.00
301.00 112.00 122.00 148.00
309.00 112.00 122.00 148.00
309.00 112.00 122.00 148.00
309.00 104.00 122.00 148.00
309.00 104.00 122.00 148.00
309.00 104.00 122.00 148.00
309.00 104.00 122.00 148.00
309.00 112.00 122.00 148.00
309.00 112.00 122.00 148.00
301.00 120.00 122.00 148.00
293.00 120.00 122.00 148.00
285.00 120.00 122.00 148.00
277.00 128.00 122.00 148.00
269.00 128.00 122.00 148.00
269.00 136.00 122.00 148.00
261.00 136.00 122.00 148.00
261.00 144.00 122.00 148.00
253.00 144.00 122.00 148.00
253.00 144.00 122.00 148.00
253.00 144.00 122.00 148.00
253.00 144.00 122.00 148.00
253.00 144.00 122.00 148.00
253.00 152.00 122.00 148.00
253.00 152.00 122.00 148.00
253.00 152.00 122.00 148.00
245.00 152.00 122.00 148.00
245.00 152.00 122.00 148.00
245.00 152.00 122.00 148.00
237.00 152.00 122.00 148.00
237.00 152.00 122.00 148.00
237.00 152.00 122.00 148.00
237.00 152.00 122.00 148.00
229.00 152.00 122.00 148.00
229.00 152.00 122.00 148.00
229.00 152.00 122.00 148.00
229.00 160.00 122.00 148.00
237.00 160.00 122.00 148.00
237.00 160.00 122.00 148.00
237.00 160.00 122.00 148.00
237.00 160.00 122.00 148.00
237.00 160.00 122.00 148.00
245.00 160.00 122.00 148.00
245.00 160.00 122.00 148.00
245.00 160.00 122.00 148.00
245.00 160.00 122.00 148.00
245.00 160.00 122.00 148.00
245.00 160.00 122.00 148.00
245.00 160.00 122.00 148.00
245.00 160.00 122.00 148.00
245.00 160.00 122.00 148.00
245.00 160.00 122.00 148.00
245.00 160.00 122.00 148.00
245.00 160.00 122.00 148.00
245.00 160.00 122.00 148.00
245.00 160.00 122.00 148.00
237.00 160.00 122.00 148.00
237.00 160.00 122.00 148.00
237.00 160.00 122.00 148.00
237.00 160.00 122.00 148.00
237.00 160.00 122.00 148.00
237.00 160.00 122.00 148.00
237.00 160.00 122.00 148.00
237.00 160.00 122.00 148.00
237.00 160.00 122.00 148.00
245.00 160.00 122.00 148.00
245.00 160.00 122.00 148.00
245.00 160.00 122.00 148.00
245.00 152.00 122.00 148.00
245.00 152.00 122.00 148.00
245.00 152.00 122.00 148.00
245.00 152.00 122.00 148.00
237.00 144.00 122.00 148.00
237.00 144.00 122.00 148.00
237.00 144.00 122.00 148.00
237.00 144.00 122.00 148.00
237.00 144.00 122.00 148.00
237.00 144.00 122.00 148.00
245.00 152.00 122.00 148.00
245.00 152.00 122.00 148.00
245.00 152.00 122.00 148.00
245.00 160.00 122.00 148.00
253.00 160.00 122.00 148.00
253.00 160.00 122.00 148.00
253.00 160.00 122.00 148.00
261.00 160.00 122.00 148.00
261.00 160.00 122.00 148.00
261.00 160.00 122.00 148.00
261.00 160.00 122.00 148.00
261.00 160.00 122.00 148.00
261.00 168.00 122.00 148.00
261.00 168.00 122.00 148.00
253.00 168.00 122.00 148.00
253.00 168.00 122.00 148.00
253.00 176.00 122.00 148.00
253.00 176.00 122.00 148.00
253.00 176.00 122.00 148.00
253.00 176.00 122.00 148.00
245.00 176.00 122.00 148.00
245.00 176.00 122.00 148.00
245.00 176.00 122.00 148.00
245.00 176.00 122.00 148.00
245.00 176.00 122.00 148.00
245.00 176.00 122.00 148.00
245.00 176.00 122.00 148.00
245.00 176.00 122.00 148.00
245.00 176.00 122.00 148.00
237.00 176.00 122.00 148.00
237.00 176.00 122.00 148.00
237.00 176.00 122.00 148.00
237.00 176.00 122.00 148.00
229.00 176.00 122.00 148.00
229.00 176.00 122.00 148.00
229.00 176.00 122.00 148.00
229.00 176.00 122.00 148.00
221.00 176.00 122.00 148.00
221.00 176.00 122.00 148.00
221.00 176.00 122.00 148.00
221.00 184.00 122.00 148.00
229.00 184.00 122.00 148.00
237.00 184.00 122.00 148.00
245.00 184.00 122.00 148.00
253.00 184.00 122.00 148.00
261.00 192.00 122.00 148.00
269.00 192.00 122.00 148.00
277.00 192.00 122.00 148.00
285.00 192.00 122.00 148.00
285.00 192.00 122.00 148.00
285.00 200.00 122.00 148.00
285.00 200.00 122.00 148.00
277.00 200.00 122.00 148.00
261.00 192.00 122.00 148.00
253.00 184.00 122.00 148.00
245.00 184.00 122.00 148.00
245.00 184.00 122.00 148.00
245.00 184.00 122.00 148.00
245.00 184.00 122.00 148.00
253.00 184.00 122.00 148.00
261.00 192.00 122.00 148.00
277.00 192.00 122.00 148.00
277.00 200.00 122.00 148.00
285.00 208.00 122.00 148.00
293.00 216.00 122.00 148.00
301.00 224.00 122.00 148.00
301.00 232.00 122.00 148.00
301.00 232.00 122.00 148.00
301.00 240.00 122.00 148.00
293.00 240.00 122.00 148.00
285.00 232.00 122.00 148.00
269.00 216.00 122.00 148.00
261.00 200.00 122.00 148.00
253.00 184.00 122.00 148.00
229.00 176.00 122.00 148.00
221.00 168.00 122.00 148.00
213.00 160.00 122.00 148.00
205.00 152.00 122.00 148.00
197.00 152.00 122.00 148.00
189.00 152.00 122.00 148.00
189.00 152.00 122.00 148.00
189.00 152.00 122.00 148.00
189.00 160.00 122.00 148.00
189.00 168.00 122.00 148.00
197.00 168.00 122.00 148.00
205.00 168.00 122.00 148.00
213.00 168.00 122.00 148.00
221.00 168.00 122.00 148.00
221.00 168.00 122.00 148.00
229.00 160.00 122.00 148.00
229.00 160.00 122.00 148.00
237.00 152.00 122.00 148.00
245.00 144.00 122.00 148.00
253.00 144.00 122.00 148.00
261.00 144.00 122.00 148.00
269.00 152.00 122.00 148.00
277.00 160.00 122.00 148.00
277.00 160.00 122.00 148.00
277.00 176.00 122.00 148.00
261.00 184.00 122.00 148.00
253.00 192.00 122.00 148.00
237.00 192.00 122.00 148.00
229.00 192.00 122.00 148.00
221.00 184.00 122.00 148.00
213.00 184.00 122.00 148.00
205.00 184.00 122.00 148.00
205.00 184.00 122.00 148.00
213.00 192.00 122.00 148.00
221.00 208.00 122.00 148.00
221.00 224.00 122.00 148.00
221.00 232.00 122.00 148.00
221.00 232.00 122.00 148.00
221.00 232.00 122.00 148.00
221.00 232.00 122.00 148.00
221.00 232.00 122.00 148.00
221.00 232.00 122.00 148.00
221.00 232.00 122.00 148.00
221.00 224.00 122.00 148.00
213.00 216.00 122.00 148.00
213.00 200.00 122.00 148.00
213.00 192.00 122.00 148.00
213.00 184.00 122.00 148.00
213.00 176.00 122.00 148.00
205.00 168.00 122.00 148.00
205.00 160.00 122.00 148.00
205.00 144.00 122.00 148.00
213.00 136.00 122.00 148.00
213.00 128.00 122.00 148.00
213.00 128.00 122.00 148.00
213.00 136.00 122.00 148.00
221.00 144.00 122.00 148.00
221.00 152.00 122.00 148.00
221.00 152.00 122.00 148.00
229.00 152.00 122.00 148.00
237.00 152.00 122.00 148.00
245.00 152.00 122.00 148.00
245.00 152.00 122.00 148.00
253.00 152.00 122.00 148.00
245.00 152.00 122.00 148.00
237.00 152.00 122.00 148.00
237.00 152.00 122.00 148.00
237.00 152.00 122.00 148.00
237.00 144.00 122.00 148.00
229.00 144.00 122.00 148.00
