692.00 438.50 24.00 79.00
692.00 438.50 24.00 79.00
688.00 438.50 24.00 79.00
684.00 438.50 24.00 79.00
684.00 438.50 24.00 79.00
680.00 438.50 24.00 79.00
676.00 434.50 24.00 79.00
672.00 434.50 24.00 79.00
668.00 434.50 24.00 79.00
668.00 434.50 24.00 79.00
664.00 434.50 24.00 79.00
660.00 430.50 24.00 79.00
660.00 430.50 24.00 79.00
656.00 430.50 24.00 79.00
656.00 426.50 24.00 79.00
652.00 426.50 24.00 79.00
652.00 426.50 24.00 79.00
648.00 426.50 24.00 79.00
644.00 426.50 24.00 79.00
640.00 426.50 24.00 79.00
636.00 426.50 24.00 79.00
636.00 426.50 24.00 79.00
632.00 426.50 24.00 79.00
628.00 426.50 24.00 79.00
624.00 422.50 24.00 79.00
624.00 422.50 24.00 79.00
620.00 422.50 24.00 79.00
616.00 422.50 24.00 79.00
616.00 422.50 24.00 79.00
612.00 422.50 24.00 79.00
612.00 422.50 24.00 79.00
608.00 422.50 24.00 79.00
604.00 422.50 24.00 79.00
604.00 418.50 24.00 79.00
600.00 418.50 24.00 79.00
596.00 418.50 24.00 79.00
596.00 418.50 24.00 79.00
592.00 414.50 24.00 79.00
592.00 414.50 24.00 79.00
588.00 414.50 24.00 79.00
588.00 414.50 24.00 79.00
584.00 414.50 24.00 79.00
584.00 414.50 24.00 79.00
580.00 414.50 24.00 79.00
576.00 414.50 24.00 79.00
572.00 414.50 24.00 79.00
572.00 414.50 24.00 79.00
568.00 410.50 24.00 79.00
564.00 410.50 24.00 79.00
564.00 410.50 24.00 79.00
560.00 410.50 24.00 79.00
556.00 406.50 24.00 79.00
556.00 406.50 24.00 79.00
552.00 406.50 24.00 79.00
552.00 406.50 24.00 79.00
548.00 406.50 24.00 79.00
548.00 406.50 24.00 79.00
544.00 406.50 24.00 79.00
540.00 406.50 24.00 79.00
540.00 406.50 24.00 79.00
536.00 406.50 24.00 79.00
532.00 402.50 24.00 79.00
532.00 402.50 24.00 79.00
528.00 402.50 24.00 79.00
528.00 402.50 24.00 79.00
524.00 398.50 24.00 79.00
524.00 398.50 24.00 79.00
520.00 398.50 24.00 79.00
520.00 398.50 24.00 79.00
516.00 398.50 24.00 79.00
516.00 398.50 24.00 79.00
512.00 398.50 24.00 79.00
508.00 398.50 24.00 79.00
508.00 398.50 24.00 79.00
504.00 398.50 24.00 79.00
500.00 398.50 24.00 79.00
500.00 394.50 24.00 79.00
496.00 394.50 24.00 79.00
496.00 394.50 24.00 79.00
492.00 394.50 24.00 79.00
492.00 394.50 24.00 79.00
488.00 394.50 24.00 79.00
488.00 394.50 24.00 79.00
484.00 394.50 24.00 79.00
484.00 394.50 24.00 79.00
480.00 390.50 24.00 79.00
480.00 390.50 24.00 79.00
476.00 390.50 24.00 79.00
476.00 390.50 24.00 79.00
472.00 390.50 24.00 79.00
472.00 386.50 24.00 79.00
468.00 386.50 24.00 79.00
468.00 386.50 24.00 79.00
464.00 386.50 24.00 79.00
464.00 386.50 24.00 79.00
460.00 386.50 24.00 79.00
460.00 386.50 24.00 79.00
456.00 386.50 24.00 79.00
456.00 386.50 24.00 79.00
452.00 386.50 24.00 79.00
452.00 386.50 24.00 79.00
448.00 382.50 24.00 79.00
448.00 382.50 24.00 79.00
444.00 382.50 24.00 79.00
444.00 382.50 24.00 79.00
440.00 382.50 24.00 79.00
440.00 382.50 24.00 79.00
436.00 382.50 24.00 79.00
436.00 382.50 24.00 79.00
432.00 382.50 24.00 79.00
432.00 382.50 24.00 79.00
428.00 382.50 24.00 79.00
428.00 378.50 24.00 79.00
424.00 378.50 24.00 79.00
424.00 378.50 24.00 79.00
424.00 378.50 24.00 79.00
420.00 378.50 24.00 79.00
420.00 374.50 24.00 79.00
416.00 374.50 24.00 79.00
416.00 374.50 24.00 79.00
416.00 374.50 24.00 79.00
412.00 374.50 24.00 79.00
412.00 374.50 24.00 79.00
408.00 374.50 24.00 79.00
408.00 374.50 24.00 79.00
404.00 374.50 24.00 79.00
404.00 374.50 24.00 79.00
400.00 374.50 24.00 79.00
400.00 374.50 24.00 79.00
396.00 370.50 24.00 79.00
396.00 370.50 24.00 79.00
392.00 370.50 24.00 79.00
392.00 370.50 24.00 79.00
388.00 370.50 24.00 79.00
388.00 370.50 24.00 79.00
388.00 370.50 24.00 79.00
384.00 370.50 24.00 79.00
384.00 370.50 24.00 79.00
380.00 370.50 24.00 79.00
380.00 370.50 24.00 79.00
376.00 370.50 24.00 79.00
376.00 366.50 24.00 79.00
372.00 366.50 24.00 79.00
372.00 366.50 24.00 79.00
372.00 366.50 24.00 79.00
368.00 366.50 24.00 79.00
368.00 366.50 24.00 79.00
368.00 366.50 24.00 79.00
364.00 366.50 24.00 79.00
364.00 366.50 24.00 79.00
360.00 366.50 24.00 79.00
360.00 366.50 24.00 79.00
356.00 366.50 24.00 79.00
356.00 362.50 24.00 79.00
352.00 362.50 24.00 79.00
352.00 362.50 24.00 79.00
348.00 362.50 24.00 79.00
348.00 362.50 24.00 79.00
348.00 362.50 24.00 79.00
344.00 362.50 24.00 79.00
344.00 362.50 24.00 79.00
340.00 362.50 24.00 79.00
340.00 362.50 24.00 79.00
340.00 362.50 24.00 79.00
336.00 362.50 24.00 79.00
336.00 358.50 24.00 79.00
332.00 358.50 24.00 79.00
332.00 358.50 24.00 79.00
332.00 358.50 24.00 79.00
328.00 358.50 24.00 79.00
328.00 354.50 24.00 79.00
328.00 354.50 24.00 79.00
324.00 354.50 24.00 79.00
324.00 354.50 24.00 79.00
324.00 354.50 24.00 79.00
320.00 354.50 24.00 79.00
320.00 354.50 24.00 79.00
316.00 354.50 24.00 79.00
316.00 354.50 24.00 79.00
312.00 354.50 24.00 79.00
312.00 354.50 24.00 79.00
308.00 354.50 24.00 79.00
308.00 350.50 24.00 79.00
308.00 350.50 24.00 79.00
304.00 350.50 24.00 79.00
304.00 350.50 24.00 79.00
304.00 350.50 24.00 79.00
300.00 350.50 24.00 79.00
300.00 350.50 24.00 79.00
296.00 350.50 24.00 79.00
296.00 350.50 24.00 79.00
296.00 350.50 24.00 79.00
292.00 350.50 24.00 79.00
292.00 350.50 24.00 79.00
288.00 346.50 24.00 79.00
288.00 346.50 24.00 79.00
288.00 346.50 24.00 79.00
284.00 346.50 24.00 79.00
284.00 346.50 24.00 79.00
284.00 346.50 24.00 79.00
280.00 346.50 24.00 79.00
280.00 346.50 24.00 79.00
280.00 346.50 24.00 79.00
276.00 346.50 24.00 79.00
276.00 346.50 24.00 79.00
272.00 346.50 24.00 79.00
272.00 346.50 24.00 79.00
268.00 342.50 24.00 79.00
268.00 342.50 24.00 79.00
264.00 342.50 24.00 79.00
264.00 342.50 24.00 79.00
264.00 342.50 24.00 79.00
260.00 342.50 24.00 79.00
260.00 342.50 24.00 79.00
260.00 342.50 24.00 79.00
256.00 342.50 24.00 79.00
256.00 342.50 24.00 79.00
252.00 342.50 24.00 79.00
252.00 342.50 24.00 79.00
252.00 342.50 24.00 79.00
248.00 338.50 24.00 79.00
248.00 338.50 24.00 79.00
248.00 338.50 24.00 79.00
244.00 338.50 24.00 79.00
244.00 338.50 24.00 79.00
244.00 338.50 24.00 79.00
240.00 338.50 24.00 79.00
240.00 338.50 24.00 79.00
236.00 338.50 24.00 79.00
236.00 338.50 24.00 79.00
232.00 338.50 24.00 79.00
232.00 338.50 24.00 79.00
228.00 338.50 24.00 79.00
228.00 338.50 24.00 79.00
224.00 334.50 24.00 79.00
224.00 334.50 24.00 79.00
224.00 334.50 24.00 79.00
220.00 334.50 24.00 79.00
220.00 334.50 24.00 79.00
220.00 334.50 24.00 79.00
216.00 334.50 24.00 79.00
216.00 334.50 24.00 79.00
216.00 334.50 24.00 79.00
212.00 334.50 24.00 79.00
212.00 334.50 24.00 79.00
212.00 334.50 24.00 79.00
208.00 334.50 24.00 79.00
208.00 334.50 24.00 79.00
208.00 334.50 24.00 79.00
204.00 330.50 24.00 79.00
204.00 330.50 24.00 79.00
204.00 330.50 24.00 79.00
200.00 330.50 24.00 79.00
200.00 330.50 24.00 79.00
200.00 330.50 24.00 79.00
196.00 330.50 24.00 79.00
196.00 330.50 24.00 79.00
192.00 330.50 24.00 79.00
192.00 330.50 24.00 79.00
192.00 330.50 24.00 79.00
188.00 330.50 24.00 79.00
188.00 330.50 24.00 79.00
184.00 330.50 24.00 79.00
184.00 330.50 24.00 79.00
184.00 330.50 24.00 79.00
184.00 330.50 24.00 79.00
180.00 330.50 24.00 79.00
180.00 330.50 24.00 79.00
180.00 330.50 24.00 79.00
176.00 330.50 24.00 79.00
176.00 330.50 24.00 79.00
176.00 330.50 24.00 79.00
172.00 326.50 24.00 79.00
172.00 326.50 24.00 79.00
172.00 326.50 24.00 79.00
168.00 326.50 24.00 79.00
168.00 326.50 24.00 79.00
168.00 326.50 24.00 79.00
168.00 326.50 24.00 79.00
164.00 326.50 24.00 79.00
164.00 326.50 24.00 79.00
160.00 326.50 24.00 79.00
160.00 326.50 24.00 79.00
160.00 326.50 24.00 79.00
156.00 326.50 24.00 79.00
156.00 326.50 24.00 79.00
152.00 326.50 24.00 79.00
152.00 326.50 24.00 79.00
152.00 322.50 24.00 79.00
148.00 322.50 24.00 79.00
148.00 322.50 24.00 79.00
148.00 322.50 24.00 79.00
148.00 322.50 24.00 79.00
144.00 322.50 24.00 79.00
144.00 322.50 24.00 79.00
144.00 322.50 24.00 79.00
140.00 322.50 24.00 79.00
140.00 322.50 24.00 79.00
140.00 322.50 24.00 79.00
136.00 322.50 24.00 79.00
136.00 322.50 24.00 79.00
136.00 322.50 24.00 79.00
132.00 318.50 24.00 79.00
132.00 318.50 24.00 79.00
132.00 318.50 24.00 79.00
132.00 318.50 24.00 79.00
128.00 318.50 24.00 79.00
128.00 318.50 24.00 79.00
128.00 318.50 24.00 79.00
124.00 318.50 24.00 79.00
124.00 318.50 24.00 79.00
124.00 318.50 24.00 79.00
120.00 318.50 24.00 79.00
120.00 318.50 24.00 79.00
120.00 318.50 24.00 79.00
116.00 318.50 24.00 79.00
116.00 318.50 24.00 79.00
116.00 318.50 24.00 79.00
116.00 318.50 24.00 79.00
116.00 318.50 24.00 79.00
112.00 318.50 24.00 79.00
112.00 318.50 24.00 79.00
112.00 318.50 24.00 79.00
112.00 318.50 24.00 79.00
108.00 318.50 24.00 79.00
108.00 318.50 24.00 79.00
108.00 314.50 24.00 79.00
104.00 314.50 24.00 79.00
104.00 314.50 24.00 79.00
104.00 314.50 24.00 79.00
104.00 314.50 24.00 79.00
104.00 314.50 24.00 79.00
104.00 314.50 24.00 79.00
100.00 314.50 24.00 79.00
100.00 314.50 24.00 79.00
100.00 314.50 24.00 79.00
96.00 314.50 24.00 79.00
96.00 314.50 24.00 79.00
96.00 314.50 24.00 79.00
92.00 314.50 24.00 79.00
92.00 314.50 24.00 79.00
92.00 314.50 24.00 79.00
92.00 314.50 24.00 79.00
92.00 314.50 24.00 79.00
88.00 314.50 24.00 79.00
88.00 314.50 24.00 79.00
88.00 314.50 24.00 79.00
88.00 314.50 24.00 79.00
84.00 310.50 24.00 79.00
84.00 310.50 24.00 79.00
84.00 310.50 24.00 79.00
84.00 310.50 24.00 79.00
80.00 310.50 24.00 79.00
80.00 310.50 24.00 79.00
80.00 310.50 24.00 79.00
80.00 310.50 24.00 79.00
80.00 310.50 24.00 79.00
80.00 310.50 24.00 79.00
76.00 310.50 24.00 79.00
76.00 310.50 24.00 79.00
76.00 310.50 24.00 79.00
76.00 310.50 24.00 79.00
72.00 310.50 24.00 79.00
72.00 310.50 24.00 79.00
72.00 310.50 24.00 79.00
68.00 306.50 24.00 79.00
68.00 306.50 24.00 79.00
68.00 306.50 24.00 79.00
68.00 306.50 24.00 79.00
64.00 306.50 24.00 79.00
64.00 306.50 24.00 79.00
64.00 306.50 24.00 79.00
64.00 306.50 24.00 79.00
64.00 306.50 24.00 79.00
60.00 306.50 24.00 79.00
60.00 306.50 24.00 79.00
60.00 306.50 24.00 79.00
60.00 306.50 24.00 79.00
60.00 306.50 24.00 79.00
56.00 306.50 24.00 79.00
56.00 306.50 24.00 79.00
56.00 306.50 24.00 79.00
56.00 306.50 24.00 79.00
56.00 306.50 24.00 79.00
56.00 306.50 24.00 79.00
56.00 306.50 24.00 79.00
52.00 306.50 24.00 79.00
52.00 306.50 24.00 79.00
52.00 306.50 24.00 79.00
48.00 302.50 24.00 79.00
48.00 302.50 24.00 79.00
48.00 302.50 24.00 79.00
44.00 302.50 24.00 79.00
44.00 302.50 24.00 79.00
44.00 302.50 24.00 79.00
44.00 302.50 24.00 79.00
44.00 302.50 24.00 79.00
40.00 302.50 24.00 79.00
40.00 302.50 24.00 79.00
40.00 302.50 24.00 79.00
40.00 302.50 24.00 79.00
40.00 302.50 24.00 79.00
40.00 302.50 24.00 79.00
36.00 302.50 24.00 79.00
36.00 302.50 24.00 79.00
36.00 302.50 24.00 79.00
36.00 302.50 24.00 79.00
36.00 302.50 24.00 79.00
32.00 298.50 24.00 79.00
32.00 298.50 24.00 79.00
32.00 298.50 24.00 79.00
32.00 298.50 24.00 79.00
