331.00 39.00 38.00 42.00
327.00 39.00 38.00 42.00
331.00 27.00 38.00 42.00
335.00 19.00 38.00 42.00
335.00 15.00 38.00 42.00
339.00 15.00 38.00 42.00
343.00 19.00 38.00 42.00
351.00 27.00 38.00 42.00
355.00 35.00 38.00 42.00
359.00 47.00 38.00 42.00
363.00 55.00 38.00 42.00
363.00 63.00 38.00 42.00
363.00 67.00 38.00 42.00
355.00 67.00 38.00 42.00
359.00 63.00 38.00 42.00
363.00 63.00 38.00 42.00
363.00 55.00 38.00 42.00
363.00 47.00 38.00 42.00
367.00 47.00 38.00 42.00
367.00 47.00 38.00 42.00
367.00 47.00 38.00 42.00
375.00 47.00 38.00 42.00
379.00 51.00 38.00 42.00
387.00 47.00 38.00 42.00
387.00 47.00 38.00 42.00
387.00 47.00 38.00 42.00
387.00 47.00 38.00 42.00
387.00 47.00 38.00 42.00
391.00 47.00 38.00 42.00
391.00 47.00 38.00 42.00
387.00 43.00 38.00 42.00
387.00 43.00 38.00 42.00
383.00 51.00 38.00 42.00
379.00 47.00 38.00 42.00
379.00 55.00 38.00 42.00
383.00 47.00 38.00 42.00
383.00 47.00 38.00 42.00
383.00 51.00 38.00 42.00
387.00 47.00 38.00 42.00
391.00 39.00 38.00 42.00
395.00 31.00 38.00 42.00
395.00 31.00 38.00 42.00
391.00 31.00 38.00 42.00
395.00 31.00 38.00 42.00
391.00 35.00 38.00 42.00
391.00 39.00 38.00 42.00
391.00 27.00 38.00 42.00
391.00 19.00 38.00 42.00
391.00 23.00 38.00 42.00
391.00 23.00 38.00 42.00
395.00 39.00 38.00 42.00
395.00 39.00 38.00 42.00
391.00 35.00 38.00 42.00
395.00 39.00 38.00 42.00
395.00 39.00 38.00 42.00
391.00 43.00 38.00 42.00
395.00 43.00 38.00 42.00
395.00 43.00 38.00 42.00
391.00 43.00 38.00 42.00
391.00 39.00 38.00 42.00
391.00 43.00 38.00 42.00
391.00 43.00 38.00 42.00
391.00 43.00 38.00 42.00
391.00 43.00 38.00 42.00
387.00 43.00 38.00 42.00
387.00 43.00 38.00 42.00
383.00 35.00 38.00 42.00
379.00 43.00 38.00 42.00
379.00 51.00 38.00 42.00
383.00 47.00 38.00 42.00
383.00 51.00 38.00 42.00
375.00 55.00 38.00 42.00
379.00 51.00 38.00 42.00
379.00 51.00 38.00 42.00
379.00 51.00 38.00 42.00
383.00 59.00 38.00 42.00
391.00 71.00 38.00 42.00
391.00 71.00 38.00 42.00
387.00 71.00 38.00 42.00
387.00 79.00 38.00 42.00
391.00 75.00 38.00 42.00
399.00 83.00 38.00 42.00
395.00 75.00 38.00 42.00
387.00 79.00 38.00 42.00
387.00 79.00 38.00 42.00
387.00 75.00 38.00 42.00
383.00 79.00 38.00 42.00
383.00 79.00 38.00 42.00
379.00 79.00 38.00 42.00
379.00 79.00 38.00 42.00
383.00 83.00 38.00 42.00
379.00 83.00 38.00 42.00
387.00 95.00 38.00 42.00
391.00 103.00 38.00 42.00
391.00 103.00 38.00 42.00
391.00 95.00 38.00 42.00
395.00 103.00 38.00 42.00
399.00 111.00 38.00 42.00
403.00 115.00 38.00 42.00
403.00 123.00 38.00 42.00
