134.00 55.00 60.00 88.00
134.00 55.00 60.00 88.00
134.00 55.00 60.00 88.00
134.00 55.00 60.00 88.00
134.00 55.00 60.00 88.00
134.00 55.00 60.00 88.00
134.00 55.00 60.00 88.00
134.00 55.00 60.00 88.00
134.00 55.00 60.00 88.00
134.00 55.00 60.00 88.00
134.00 55.00 60.00 88.00
134.00 55.00 60.00 88.00
134.00 55.00 60.00 88.00
138.00 59.00 60.00 88.00
138.00 59.00 60.00 88.00
138.00 59.00 60.00 88.00
134.00 59.00 60.00 88.00
130.00 59.00 60.00 88.00
122.00 59.00 60.00 88.00
114.00 55.00 60.00 88.00
110.00 55.00 60.00 88.00
102.00 59.00 60.00 88.00
94.00 59.00 60.00 88.00
90.00 59.00 60.00 88.00
82.00 63.00 60.00 88.00
78.00 67.00 60.00 88.00
78.00 71.00 60.00 88.00
78.00 75.00 60.00 88.00
78.00 79.00 60.00 88.00
78.00 83.00 60.00 88.00
82.00 87.00 60.00 88.00
86.00 87.00 60.00 88.00
86.00 87.00 60.00 88.00
94.00 87.00 60.00 88.00
102.00 91.00 60.00 88.00
110.00 87.00 60.00 88.00
118.00 87.00 60.00 88.00
126.00 91.00 60.00 88.00
130.00 91.00 60.00 88.00
138.00 95.00 60.00 88.00
142.00 95.00 60.00 88.00
150.00 99.00 60.00 88.00
154.00 99.00 60.00 88.00
154.00 99.00 60.00 88.00
154.00 99.00 60.00 88.00
154.00 99.00 60.00 88.00
154.00 99.00 60.00 88.00
154.00 99.00 60.00 88.00
154.00 99.00 60.00 88.00
154.00 95.00 60.00 88.00
154.00 91.00 60.00 88.00
154.00 87.00 60.00 88.00
158.00 87.00 60.00 88.00
158.00 87.00 60.00 88.00
158.00 83.00 60.00 88.00
158.00 83.00 60.00 88.00
154.00 83.00 60.00 88.00
146.00 79.00 60.00 88.00
138.00 75.00 60.00 88.00
126.00 75.00 60.00 88.00
118.00 75.00 60.00 88.00
110.00 75.00 60.00 88.00
102.00 75.00 60.00 88.00
94.00 75.00 60.00 88.00
90.00 75.00 60.00 88.00
90.00 75.00 60.00 88.00
90.00 75.00 60.00 88.00
90.00 75.00 60.00 88.00
94.00 75.00 60.00 88.00
98.00 79.00 60.00 88.00
106.00 79.00 60.00 88.00
110.00 79.00 60.00 88.00
118.00 79.00 60.00 88.00
122.00 79.00 60.00 88.00
126.00 75.00 60.00 88.00
130.00 75.00 60.00 88.00
138.00 75.00 60.00 88.00
142.00 75.00 60.00 88.00
142.00 75.00 60.00 88.00
142.00 75.00 60.00 88.00
142.00 79.00 60.00 88.00
142.00 83.00 60.00 88.00
146.00 91.00 60.00 88.00
146.00 95.00 60.00 88.00
146.00 95.00 60.00 88.00
138.00 95.00 60.00 88.00
134.00 95.00 60.00 88.00
126.00 95.00 60.00 88.00
118.00 99.00 60.00 88.00
110.00 99.00 60.00 88.00
110.00 95.00 60.00 88.00
106.00 87.00 60.00 88.00
106.00 79.00 60.00 88.00
106.00 75.00 60.00 88.00
110.00 75.00 60.00 88.00
110.00 75.00 60.00 88.00
114.00 75.00 60.00 88.00
122.00 75.00 60.00 88.00
126.00 75.00 60.00 88.00
134.00 75.00 60.00 88.00
142.00 71.00 60.00 88.00
146.00 71.00 60.00 88.00
146.00 71.00 60.00 88.00
150.00 71.00 60.00 88.00
150.00 79.00 60.00 88.00
150.00 79.00 60.00 88.00
146.00 79.00 60.00 88.00
142.00 79.00 60.00 88.00
130.00 79.00 60.00 88.00
122.00 79.00 60.00 88.00
114.00 79.00 60.00 88.00
110.00 83.00 60.00 88.00
110.00 87.00 60.00 88.00
110.00 91.00 60.00 88.00
110.00 91.00 60.00 88.00
114.00 95.00 60.00 88.00
122.00 95.00 60.00 88.00
130.00 95.00 60.00 88.00
138.00 99.00 60.00 88.00
138.00 99.00 60.00 88.00
142.00 95.00 60.00 88.00
146.00 91.00 60.00 88.00
146.00 87.00 60.00 88.00
146.00 83.00 60.00 88.00
146.00 75.00 60.00 88.00
146.00 75.00 60.00 88.00
146.00 71.00 60.00 88.00
150.00 67.00 60.00 88.00
150.00 67.00 60.00 88.00
150.00 67.00 60.00 88.00
146.00 67.00 60.00 88.00
142.00 67.00 60.00 88.00
134.00 67.00 60.00 88.00
126.00 63.00 60.00 88.00
118.00 63.00 60.00 88.00
106.00 63.00 60.00 88.00
102.00 59.00 60.00 88.00
94.00 59.00 60.00 88.00
90.00 67.00 60.00 88.00
90.00 71.00 60.00 88.00
90.00 75.00 60.00 88.00
94.00 79.00 60.00 88.00
94.00 79.00 60.00 88.00
102.00 79.00 60.00 88.00
110.00 79.00 60.00 88.00
118.00 79.00 60.00 88.00
126.00 79.00 60.00 88.00
134.00 79.00 60.00 88.00
138.00 79.00 60.00 88.00
138.00 79.00 60.00 88.00
142.00 75.00 60.00 88.00
142.00 71.00 60.00 88.00
146.00 71.00 60.00 88.00
146.00 71.00 60.00 88.00
146.00 71.00 60.00 88.00
142.00 71.00 60.00 88.00
138.00 71.00 60.00 88.00
130.00 71.00 60.00 88.00
122.00 67.00 60.00 88.00
114.00 67.00 60.00 88.00
110.00 67.00 60.00 88.00
102.00 67.00 60.00 88.00
94.00 67.00 60.00 88.00
86.00 71.00 60.00 88.00
86.00 79.00 60.00 88.00
86.00 83.00 60.00 88.00
86.00 91.00 60.00 88.00
86.00 95.00 60.00 88.00
94.00 99.00 60.00 88.00
98.00 99.00 60.00 88.00
106.00 99.00 60.00 88.00
114.00 99.00 60.00 88.00
122.00 99.00 60.00 88.00
130.00 99.00 60.00 88.00
138.00 99.00 60.00 88.00
146.00 95.00 60.00 88.00
146.00 91.00 60.00 88.00
150.00 91.00 60.00 88.00
150.00 87.00 60.00 88.00
150.00 83.00 60.00 88.00
154.00 79.00 60.00 88.00
154.00 75.00 60.00 88.00
154.00 71.00 60.00 88.00
154.00 71.00 60.00 88.00
154.00 71.00 60.00 88.00
154.00 71.00 60.00 88.00
150.00 71.00 60.00 88.00
142.00 71.00 60.00 88.00
134.00 67.00 60.00 88.00
130.00 67.00 60.00 88.00
126.00 67.00 60.00 88.00
118.00 67.00 60.00 88.00
110.00 63.00 60.00 88.00
102.00 63.00 60.00 88.00
102.00 63.00 60.00 88.00
94.00 63.00 60.00 88.00
86.00 63.00 60.00 88.00
82.00 63.00 60.00 88.00
82.00 71.00 60.00 88.00
82.00 75.00 60.00 88.00
82.00 75.00 60.00 88.00
82.00 79.00 60.00 88.00
82.00 83.00 60.00 88.00
90.00 83.00 60.00 88.00
94.00 83.00 60.00 88.00
102.00 83.00 60.00 88.00
106.00 83.00 60.00 88.00
114.00 83.00 60.00 88.00
126.00 83.00 60.00 88.00
130.00 83.00 60.00 88.00
138.00 83.00 60.00 88.00
142.00 83.00 60.00 88.00
142.00 83.00 60.00 88.00
146.00 83.00 60.00 88.00
146.00 79.00 60.00 88.00
146.00 75.00 60.00 88.00
146.00 71.00 60.00 88.00
150.00 75.00 60.00 88.00
150.00 75.00 60.00 88.00
146.00 75.00 60.00 88.00
138.00 75.00 60.00 88.00
130.00 71.00 60.00 88.00
122.00 71.00 60.00 88.00
118.00 71.00 60.00 88.00
114.00 71.00 60.00 88.00
106.00 71.00 60.00 88.00
102.00 71.00 60.00 88.00
98.00 71.00 60.00 88.00
94.00 71.00 60.00 88.00
94.00 71.00 60.00 88.00
94.00 71.00 60.00 88.00
98.00 71.00 60.00 88.00
98.00 71.00 60.00 88.00
102.00 71.00 60.00 88.00
106.00 71.00 60.00 88.00
110.00 71.00 60.00 88.00
114.00 71.00 60.00 88.00
122.00 71.00 60.00 88.00
130.00 71.00 60.00 88.00
134.00 71.00 60.00 88.00
142.00 71.00 60.00 88.00
142.00 71.00 60.00 88.00
146.00 75.00 60.00 88.00
146.00 79.00 60.00 88.00
150.00 91.00 60.00 88.00
146.00 95.00 60.00 88.00
142.00 95.00 60.00 88.00
138.00 95.00 60.00 88.00
130.00 95.00 60.00 88.00
118.00 99.00 60.00 88.00
110.00 99.00 60.00 88.00
102.00 99.00 60.00 88.00
102.00 95.00 60.00 88.00
98.00 91.00 60.00 88.00
98.00 87.00 60.00 88.00
98.00 83.00 60.00 88.00
98.00 79.00 60.00 88.00
98.00 75.00 60.00 88.00
98.00 75.00 60.00 88.00
98.00 71.00 60.00 88.00
98.00 71.00 60.00 88.00
102.00 71.00 60.00 88.00
106.00 67.00 60.00 88.00
110.00 67.00 60.00 88.00
114.00 67.00 60.00 88.00
122.00 67.00 60.00 88.00
130.00 63.00 60.00 88.00
134.00 63.00 60.00 88.00
138.00 63.00 60.00 88.00
142.00 63.00 60.00 88.00
146.00 67.00 60.00 88.00
146.00 63.00 60.00 88.00
150.00 63.00 60.00 88.00
150.00 63.00 60.00 88.00
150.00 63.00 60.00 88.00
150.00 63.00 60.00 88.00
150.00 63.00 60.00 88.00
150.00 63.00 60.00 88.00
146.00 59.00 60.00 88.00
142.00 63.00 60.00 88.00
138.00 63.00 60.00 88.00
134.00 63.00 60.00 88.00
126.00 59.00 60.00 88.00
114.00 59.00 60.00 88.00
106.00 63.00 60.00 88.00
98.00 63.00 60.00 88.00
94.00 63.00 60.00 88.00
90.00 59.00 60.00 88.00
86.00 59.00 60.00 88.00
82.00 59.00 60.00 88.00
82.00 59.00 60.00 88.00
82.00 59.00 60.00 88.00
82.00 59.00 60.00 88.00
82.00 59.00 60.00 88.00
82.00 59.00 60.00 88.00
86.00 59.00 60.00 88.00
94.00 59.00 60.00 88.00
102.00 59.00 60.00 88.00
114.00 59.00 60.00 88.00
122.00 59.00 60.00 88.00
130.00 55.00 60.00 88.00
138.00 55.00 60.00 88.00
142.00 59.00 60.00 88.00
146.00 63.00 60.00 88.00
146.00 71.00 60.00 88.00
150.00 79.00 60.00 88.00
146.00 91.00 60.00 88.00
146.00 99.00 60.00 88.00
142.00 103.00 60.00 88.00
134.00 103.00 60.00 88.00
126.00 107.00 60.00 88.00
110.00 107.00 60.00 88.00
98.00 107.00 60.00 88.00
90.00 111.00 60.00 88.00
82.00 107.00 60.00 88.00
78.00 95.00 60.00 88.00
78.00 91.00 60.00 88.00
78.00 83.00 60.00 88.00
78.00 79.00 60.00 88.00
82.00 75.00 60.00 88.00
86.00 75.00 60.00 88.00
98.00 71.00 60.00 88.00
102.00 71.00 60.00 88.00
114.00 71.00 60.00 88.00
126.00 71.00 60.00 88.00
138.00 71.00 60.00 88.00
146.00 71.00 60.00 88.00
154.00 71.00 60.00 88.00
154.00 71.00 60.00 88.00
154.00 75.00 60.00 88.00
154.00 83.00 60.00 88.00
154.00 91.00 60.00 88.00
150.00 91.00 60.00 88.00
146.00 95.00 60.00 88.00
142.00 95.00 60.00 88.00
130.00 95.00 60.00 88.00
122.00 95.00 60.00 88.00
110.00 95.00 60.00 88.00
106.00 95.00 60.00 88.00
106.00 95.00 60.00 88.00
102.00 87.00 60.00 88.00
102.00 83.00 60.00 88.00
102.00 79.00 60.00 88.00
102.00 79.00 60.00 88.00
106.00 75.00 60.00 88.00
106.00 71.00 60.00 88.00
114.00 71.00 60.00 88.00
122.00 71.00 60.00 88.00
134.00 71.00 60.00 88.00
142.00 71.00 60.00 88.00
146.00 71.00 60.00 88.00
146.00 71.00 60.00 88.00
146.00 75.00 60.00 88.00
146.00 83.00 60.00 88.00
142.00 83.00 60.00 88.00
134.00 83.00 60.00 88.00
126.00 83.00 60.00 88.00
122.00 83.00 60.00 88.00
106.00 79.00 60.00 88.00
98.00 79.00 60.00 88.00
94.00 79.00 60.00 88.00
90.00 79.00 60.00 88.00
86.00 79.00 60.00 88.00
86.00 79.00 60.00 88.00
86.00 83.00 60.00 88.00
86.00 87.00 60.00 88.00
90.00 87.00 60.00 88.00
94.00 87.00 60.00 88.00
98.00 87.00 60.00 88.00
106.00 87.00 60.00 88.00
114.00 87.00 60.00 88.00
126.00 87.00 60.00 88.00
134.00 87.00 60.00 88.00
138.00 87.00 60.00 88.00
142.00 87.00 60.00 88.00
146.00 87.00 60.00 88.00
146.00 83.00 60.00 88.00
146.00 75.00 60.00 88.00
150.00 75.00 60.00 88.00
146.00 75.00 60.00 88.00
146.00 75.00 60.00 88.00
138.00 71.00 60.00 88.00
130.00 71.00 60.00 88.00
122.00 71.00 60.00 88.00
110.00 67.00 60.00 88.00
102.00 67.00 60.00 88.00
98.00 67.00 60.00 88.00
86.00 67.00 60.00 88.00
82.00 67.00 60.00 88.00
78.00 67.00 60.00 88.00
78.00 71.00 60.00 88.00
78.00 75.00 60.00 88.00
78.00 79.00 60.00 88.00
82.00 79.00 60.00 88.00
90.00 83.00 60.00 88.00
98.00 83.00 60.00 88.00
106.00 83.00 60.00 88.00
114.00 83.00 60.00 88.00
126.00 83.00 60.00 88.00
134.00 87.00 60.00 88.00
142.00 87.00 60.00 88.00
150.00 87.00 60.00 88.00
150.00 87.00 60.00 88.00
154.00 87.00 60.00 88.00
154.00 87.00 60.00 88.00
150.00 83.00 60.00 88.00
150.00 83.00 60.00 88.00
146.00 79.00 60.00 88.00
138.00 71.00 60.00 88.00
130.00 71.00 60.00 88.00
122.00 67.00 60.00 88.00
114.00 67.00 60.00 88.00
106.00 67.00 60.00 88.00
98.00 63.00 60.00 88.00
90.00 63.00 60.00 88.00
86.00 63.00 60.00 88.00
86.00 63.00 60.00 88.00
86.00 67.00 60.00 88.00
86.00 71.00 60.00 88.00
90.00 75.00 60.00 88.00
94.00 79.00 60.00 88.00
98.00 79.00 60.00 88.00
106.00 79.00 60.00 88.00
114.00 83.00 60.00 88.00
122.00 83.00 60.00 88.00
134.00 83.00 60.00 88.00
138.00 83.00 60.00 88.00
146.00 83.00 60.00 88.00
154.00 83.00 60.00 88.00
154.00 83.00 60.00 88.00
154.00 83.00 60.00 88.00
154.00 79.00 60.00 88.00
154.00 75.00 60.00 88.00
154.00 75.00 60.00 88.00
154.00 71.00 60.00 88.00
158.00 71.00 60.00 88.00
158.00 67.00 60.00 88.00
158.00 63.00 60.00 88.00
158.00 63.00 60.00 88.00
158.00 63.00 60.00 88.00
158.00 63.00 60.00 88.00
158.00 63.00 60.00 88.00
154.00 59.00 60.00 88.00
154.00 59.00 60.00 88.00
154.00 59.00 60.00 88.00
154.00 59.00 60.00 88.00
154.00 59.00 60.00 88.00
154.00 59.00 60.00 88.00
150.00 59.00 60.00 88.00
150.00 59.00 60.00 88.00
150.00 55.00 60.00 88.00
150.00 55.00 60.00 88.00
150.00 55.00 60.00 88.00
150.00 55.00 60.00 88.00
150.00 55.00 60.00 88.00
150.00 55.00 60.00 88.00
150.00 55.00 60.00 88.00
150.00 55.00 60.00 88.00
154.00 55.00 60.00 88.00
150.00 55.00 60.00 88.00
154.00 55.00 60.00 88.00
154.00 55.00 60.00 88.00
154.00 55.00 60.00 88.00
154.00 55.00 60.00 88.00
154.00 55.00 60.00 88.00
154.00 55.00 60.00 88.00
154.00 55.00 60.00 88.00
154.00 55.00 60.00 88.00
150.00 55.00 60.00 88.00
150.00 55.00 60.00 88.00
150.00 55.00 60.00 88.00
150.00 55.00 60.00 88.00
150.00 55.00 60.00 88.00
150.00 55.00 60.00 88.00
150.00 55.00 60.00 88.00
150.00 55.00 60.00 88.00
