56.50 20.50 31.00 45.00
56.50 20.50 31.00 45.00
56.50 20.50 31.00 45.00
60.50 20.50 31.00 45.00
60.50 20.50 31.00 45.00
64.50 16.50 31.00 45.00
68.50 16.50 31.00 45.00
72.50 16.50 31.00 45.00
76.50 16.50 31.00 45.00
76.50 16.50 31.00 45.00
80.50 16.50 31.00 45.00
80.50 16.50 31.00 45.00
80.50 20.50 31.00 45.00
76.50 20.50 31.00 45.00
68.50 20.50 31.00 45.00
64.50 20.50 31.00 45.00
56.50 16.50 31.00 45.00
52.50 16.50 31.00 45.00
48.50 16.50 31.00 45.00
40.50 16.50 31.00 45.00
36.50 20.50 31.00 45.00
28.50 20.50 31.00 45.00
24.50 20.50 31.00 45.00
20.50 20.50 31.00 45.00
16.50 20.50 31.00 45.00
16.50 20.50 31.00 45.00
16.50 20.50 31.00 45.00
20.50 20.50 31.00 45.00
20.50 20.50 31.00 45.00
16.50 20.50 31.00 45.00
16.50 20.50 31.00 45.00
16.50 20.50 31.00 45.00
16.50 20.50 31.00 45.00
16.50 20.50 31.00 45.00
20.50 20.50 31.00 45.00
20.50 24.50 31.00 45.00
20.50 24.50 31.00 45.00
20.50 24.50 31.00 45.00
24.50 24.50 31.00 45.00
28.50 24.50 31.00 45.00
32.50 28.50 31.00 45.00
36.50 32.50 31.00 45.00
40.50 32.50 31.00 45.00
44.50 32.50 31.00 45.00
44.50 36.50 31.00 45.00
44.50 36.50 31.00 45.00
44.50 36.50 31.00 45.00
44.50 36.50 31.00 45.00
48.50 32.50 31.00 45.00
48.50 28.50 31.00 45.00
48.50 20.50 31.00 45.00
48.50 20.50 31.00 45.00
52.50 16.50 31.00 45.00
52.50 16.50 31.00 45.00
52.50 12.50 31.00 45.00
56.50 16.50 31.00 45.00
56.50 20.50 31.00 45.00
56.50 20.50 31.00 45.00
60.50 24.50 31.00 45.00
60.50 24.50 31.00 45.00
60.50 24.50 31.00 45.00
64.50 24.50 31.00 45.00
64.50 24.50 31.00 45.00
64.50 24.50 31.00 45.00
68.50 24.50 31.00 45.00
64.50 24.50 31.00 45.00
64.50 24.50 31.00 45.00
60.50 24.50 31.00 45.00
56.50 24.50 31.00 45.00
56.50 24.50 31.00 45.00
56.50 24.50 31.00 45.00
56.50 24.50 31.00 45.00
56.50 24.50 31.00 45.00
56.50 24.50 31.00 45.00
56.50 24.50 31.00 45.00
56.50 24.50 31.00 45.00
56.50 24.50 31.00 45.00
56.50 28.50 31.00 45.00
56.50 28.50 31.00 45.00
56.50 24.50 31.00 45.00
56.50 24.50 31.00 45.00
52.50 24.50 31.00 45.00
52.50 24.50 31.00 45.00
48.50 24.50 31.00 45.00
48.50 28.50 31.00 45.00
44.50 28.50 31.00 45.00
44.50 28.50 31.00 45.00
40.50 28.50 31.00 45.00
40.50 28.50 31.00 45.00
40.50 28.50 31.00 45.00
36.50 24.50 31.00 45.00
36.50 24.50 31.00 45.00
36.50 24.50 31.00 45.00
36.50 24.50 31.00 45.00
40.50 24.50 31.00 45.00
40.50 24.50 31.00 45.00
40.50 24.50 31.00 45.00
40.50 24.50 31.00 45.00
40.50 24.50 31.00 45.00
40.50 24.50 31.00 45.00
40.50 24.50 31.00 45.00
44.50 24.50 31.00 45.00
48.50 24.50 31.00 45.00
48.50 24.50 31.00 45.00
52.50 24.50 31.00 45.00
52.50 24.50 31.00 45.00
56.50 24.50 31.00 45.00
60.50 24.50 31.00 45.00
60.50 24.50 31.00 45.00
56.50 28.50 31.00 45.00
52.50 28.50 31.00 45.00
52.50 28.50 31.00 45.00
56.50 24.50 31.00 45.00
56.50 24.50 31.00 45.00
52.50 24.50 31.00 45.00
52.50 24.50 31.00 45.00
52.50 24.50 31.00 45.00
52.50 24.50 31.00 45.00
52.50 24.50 31.00 45.00
56.50 24.50 31.00 45.00
56.50 24.50 31.00 45.00
60.50 24.50 31.00 45.00
56.50 24.50 31.00 45.00
52.50 24.50 31.00 45.00
52.50 20.50 31.00 45.00
48.50 20.50 31.00 45.00
48.50 20.50 31.00 45.00
48.50 16.50 31.00 45.00
48.50 16.50 31.00 45.00
48.50 20.50 31.00 45.00
48.50 24.50 31.00 45.00
48.50 28.50 31.00 45.00
48.50 28.50 31.00 45.00
52.50 32.50 31.00 45.00
52.50 32.50 31.00 45.00
52.50 32.50 31.00 45.00
56.50 32.50 31.00 45.00
56.50 36.50 31.00 45.00
56.50 36.50 31.00 45.00
60.50 36.50 31.00 45.00
56.50 36.50 31.00 45.00
52.50 36.50 31.00 45.00
52.50 40.50 31.00 45.00
48.50 36.50 31.00 45.00
48.50 32.50 31.00 45.00
52.50 28.50 31.00 45.00
52.50 28.50 31.00 45.00
52.50 28.50 31.00 45.00
52.50 28.50 31.00 45.00
52.50 28.50 31.00 45.00
52.50 24.50 31.00 45.00
52.50 20.50 31.00 45.00
52.50 20.50 31.00 45.00
52.50 20.50 31.00 45.00
52.50 20.50 31.00 45.00
52.50 20.50 31.00 45.00
52.50 20.50 31.00 45.00
52.50 20.50 31.00 45.00
48.50 20.50 31.00 45.00
48.50 20.50 31.00 45.00
48.50 24.50 31.00 45.00
48.50 24.50 31.00 45.00
44.50 24.50 31.00 45.00
44.50 24.50 31.00 45.00
44.50 24.50 31.00 45.00
40.50 24.50 31.00 45.00
40.50 24.50 31.00 45.00
40.50 24.50 31.00 45.00
40.50 24.50 31.00 45.00
36.50 24.50 31.00 45.00
36.50 24.50 31.00 45.00
36.50 24.50 31.00 45.00
36.50 24.50 31.00 45.00
40.50 24.50 31.00 45.00
40.50 24.50 31.00 45.00
44.50 24.50 31.00 45.00
44.50 24.50 31.00 45.00
44.50 24.50 31.00 45.00
44.50 24.50 31.00 45.00
44.50 24.50 31.00 45.00
44.50 24.50 31.00 45.00
44.50 24.50 31.00 45.00
44.50 24.50 31.00 45.00
44.50 24.50 31.00 45.00
44.50 24.50 31.00 45.00
48.50 24.50 31.00 45.00
48.50 28.50 31.00 45.00
52.50 28.50 31.00 45.00
52.50 28.50 31.00 45.00
56.50 24.50 31.00 45.00
56.50 24.50 31.00 45.00
56.50 24.50 31.00 45.00
56.50 24.50 31.00 45.00
56.50 24.50 31.00 45.00
52.50 24.50 31.00 45.00
48.50 24.50 31.00 45.00
48.50 28.50 31.00 45.00
44.50 28.50 31.00 45.00
44.50 28.50 31.00 45.00
44.50 24.50 31.00 45.00
44.50 24.50 31.00 45.00
40.50 24.50 31.00 45.00
40.50 24.50 31.00 45.00
40.50 24.50 31.00 45.00
40.50 24.50 31.00 45.00
36.50 24.50 31.00 45.00
36.50 24.50 31.00 45.00
36.50 24.50 31.00 45.00
36.50 24.50 31.00 45.00
40.50 24.50 31.00 45.00
40.50 24.50 31.00 45.00
40.50 20.50 31.00 45.00
40.50 20.50 31.00 45.00
40.50 20.50 31.00 45.00
40.50 24.50 31.00 45.00
40.50 24.50 31.00 45.00
44.50 24.50 31.00 45.00
44.50 24.50 31.00 45.00
44.50 24.50 31.00 45.00
48.50 24.50 31.00 45.00
52.50 24.50 31.00 45.00
52.50 24.50 31.00 45.00
52.50 24.50 31.00 45.00
52.50 24.50 31.00 45.00
52.50 24.50 31.00 45.00
52.50 24.50 31.00 45.00
52.50 24.50 31.00 45.00
52.50 24.50 31.00 45.00
56.50 24.50 31.00 45.00
56.50 24.50 31.00 45.00
52.50 24.50 31.00 45.00
52.50 24.50 31.00 45.00
56.50 24.50 31.00 45.00
60.50 24.50 31.00 45.00
56.50 24.50 31.00 45.00
52.50 24.50 31.00 45.00
48.50 24.50 31.00 45.00
48.50 24.50 31.00 45.00
48.50 20.50 31.00 45.00
52.50 16.50 31.00 45.00
52.50 16.50 31.00 45.00
52.50 16.50 31.00 45.00
56.50 12.50 31.00 45.00
56.50 12.50 31.00 45.00
56.50 12.50 31.00 45.00
56.50 12.50 31.00 45.00
56.50 12.50 31.00 45.00
52.50 12.50 31.00 45.00
48.50 16.50 31.00 45.00
48.50 12.50 31.00 45.00
44.50 16.50 31.00 45.00
48.50 16.50 31.00 45.00
48.50 16.50 31.00 45.00
48.50 20.50 31.00 45.00
48.50 20.50 31.00 45.00
48.50 20.50 31.00 45.00
52.50 20.50 31.00 45.00
52.50 20.50 31.00 45.00
52.50 20.50 31.00 45.00
56.50 20.50 31.00 45.00
56.50 20.50 31.00 45.00
56.50 20.50 31.00 45.00
56.50 20.50 31.00 45.00
56.50 20.50 31.00 45.00
56.50 20.50 31.00 45.00
60.50 24.50 31.00 45.00
60.50 24.50 31.00 45.00
60.50 24.50 31.00 45.00
56.50 24.50 31.00 45.00
52.50 24.50 31.00 45.00
52.50 24.50 31.00 45.00
48.50 24.50 31.00 45.00
48.50 24.50 31.00 45.00
48.50 24.50 31.00 45.00
44.50 24.50 31.00 45.00
44.50 24.50 31.00 45.00
44.50 24.50 31.00 45.00
44.50 24.50 31.00 45.00
44.50 24.50 31.00 45.00
48.50 24.50 31.00 45.00
48.50 24.50 31.00 45.00
52.50 20.50 31.00 45.00
52.50 20.50 31.00 45.00
52.50 24.50 31.00 45.00
52.50 28.50 31.00 45.00
56.50 28.50 31.00 45.00
56.50 28.50 31.00 45.00
56.50 28.50 31.00 45.00
60.50 28.50 31.00 45.00
56.50 28.50 31.00 45.00
56.50 28.50 31.00 45.00
56.50 28.50 31.00 45.00
56.50 28.50 31.00 45.00
56.50 28.50 31.00 45.00
56.50 28.50 31.00 45.00
56.50 28.50 31.00 45.00
52.50 28.50 31.00 45.00
52.50 28.50 31.00 45.00
52.50 28.50 31.00 45.00
52.50 28.50 31.00 45.00
52.50 28.50 31.00 45.00
52.50 28.50 31.00 45.00
52.50 28.50 31.00 45.00
52.50 28.50 31.00 45.00
52.50 32.50 31.00 45.00
48.50 32.50 31.00 45.00
48.50 32.50 31.00 45.00
48.50 32.50 31.00 45.00
48.50 32.50 31.00 45.00
48.50 28.50 31.00 45.00
48.50 28.50 31.00 45.00
48.50 24.50 31.00 45.00
48.50 24.50 31.00 45.00
48.50 20.50 31.00 45.00
48.50 20.50 31.00 45.00
44.50 20.50 31.00 45.00
44.50 16.50 31.00 45.00
40.50 16.50 31.00 45.00
40.50 20.50 31.00 45.00
36.50 24.50 31.00 45.00
36.50 24.50 31.00 45.00
32.50 24.50 31.00 45.00
32.50 24.50 31.00 45.00
28.50 24.50 31.00 45.00
32.50 28.50 31.00 45.00
32.50 28.50 31.00 45.00
36.50 28.50 31.00 45.00
36.50 28.50 31.00 45.00
36.50 28.50 31.00 45.00
36.50 28.50 31.00 45.00
36.50 28.50 31.00 45.00
36.50 28.50 31.00 45.00
40.50 24.50 31.00 45.00
44.50 24.50 31.00 45.00
44.50 24.50 31.00 45.00
48.50 24.50 31.00 45.00
48.50 24.50 31.00 45.00
48.50 24.50 31.00 45.00
52.50 24.50 31.00 45.00
52.50 24.50 31.00 45.00
52.50 24.50 31.00 45.00
52.50 24.50 31.00 45.00
48.50 24.50 31.00 45.00
48.50 24.50 31.00 45.00
44.50 20.50 31.00 45.00
40.50 20.50 31.00 45.00
36.50 20.50 31.00 45.00
32.50 20.50 31.00 45.00
24.50 20.50 31.00 45.00
20.50 20.50 31.00 45.00
20.50 20.50 31.00 45.00
20.50 20.50 31.00 45.00
20.50 20.50 31.00 45.00
24.50 20.50 31.00 45.00
24.50 24.50 31.00 45.00
24.50 24.50 31.00 45.00
24.50 24.50 31.00 45.00
24.50 24.50 31.00 45.00
24.50 24.50 31.00 45.00
28.50 24.50 31.00 45.00
28.50 24.50 31.00 45.00
28.50 20.50 31.00 45.00
28.50 20.50 31.00 45.00
28.50 20.50 31.00 45.00
32.50 20.50 31.00 45.00
32.50 20.50 31.00 45.00
32.50 24.50 31.00 45.00
32.50 24.50 31.00 45.00
32.50 28.50 31.00 45.00
36.50 28.50 31.00 45.00
36.50 28.50 31.00 45.00
36.50 28.50 31.00 45.00
40.50 28.50 31.00 45.00
44.50 28.50 31.00 45.00
44.50 28.50 31.00 45.00
44.50 28.50 31.00 45.00
48.50 28.50 31.00 45.00
48.50 28.50 31.00 45.00
52.50 28.50 31.00 45.00
52.50 28.50 31.00 45.00
56.50 28.50 31.00 45.00
60.50 24.50 31.00 45.00
60.50 20.50 31.00 45.00
56.50 16.50 31.00 45.00
52.50 8.50 31.00 45.00
48.50 4.50 31.00 45.00
48.50 4.50 31.00 45.00
44.50 12.50 31.00 45.00
44.50 24.50 31.00 45.00
44.50 36.50 31.00 45.00
44.50 40.50 31.00 45.00
44.50 44.50 31.00 45.00
44.50 44.50 31.00 45.00
44.50 40.50 31.00 45.00
48.50 36.50 31.00 45.00
48.50 36.50 31.00 45.00
48.50 32.50 31.00 45.00
48.50 28.50 31.00 45.00
44.50 28.50 31.00 45.00
44.50 28.50 31.00 45.00
40.50 28.50 31.00 45.00
40.50 28.50 31.00 45.00
40.50 28.50 31.00 45.00
40.50 28.50 31.00 45.00
40.50 28.50 31.00 45.00
40.50 28.50 31.00 45.00
40.50 28.50 31.00 45.00
40.50 28.50 31.00 45.00
40.50 28.50 31.00 45.00
40.50 28.50 31.00 45.00
40.50 28.50 31.00 45.00
40.50 28.50 31.00 45.00
40.50 28.50 31.00 45.00
40.50 28.50 31.00 45.00
40.50 28.50 31.00 45.00
40.50 28.50 31.00 45.00
40.50 28.50 31.00 45.00
40.50 28.50 31.00 45.00
40.50 28.50 31.00 45.00
40.50 28.50 31.00 45.00
40.50 28.50 31.00 45.00
40.50 28.50 31.00 45.00
40.50 28.50 31.00 45.00
40.50 28.50 31.00 45.00
40.50 28.50 31.00 45.00
40.50 28.50 31.00 45.00
40.50 28.50 31.00 45.00
40.50 28.50 31.00 45.00
40.50 28.50 31.00 45.00
40.50 28.50 31.00 45.00
44.50 28.50 31.00 45.00
44.50 28.50 31.00 45.00
36.50 48.50 31.00 45.00
36.50 52.50 31.00 45.00
36.50 52.50 31.00 45.00
40.50 56.50 31.00 45.00
40.50 56.50 31.00 45.00
44.50 60.50 31.00 45.00
40.50 56.50 31.00 45.00
40.50 56.50 31.00 45.00
40.50 60.50 31.00 45.00
40.50 64.50 31.00 45.00
44.50 68.50 31.00 45.00
48.50 72.50 31.00 45.00
52.50 76.50 31.00 45.00
56.50 76.50 31.00 45.00
56.50 76.50 31.00 45.00
52.50 76.50 31.00 45.00
52.50 72.50 31.00 45.00
48.50 72.50 31.00 45.00
44.50 68.50 31.00 45.00
44.50 64.50 31.00 45.00
44.50 60.50 31.00 45.00
40.50 56.50 31.00 45.00
36.50 52.50 31.00 45.00
36.50 52.50 31.00 45.00
32.50 48.50 31.00 45.00
28.50 44.50 31.00 45.00
28.50 40.50 31.00 45.00
24.50 40.50 31.00 45.00
24.50 40.50 31.00 45.00
20.50 36.50 31.00 45.00
20.50 36.50 31.00 45.00
16.50 36.50 31.00 45.00
16.50 32.50 31.00 45.00
12.50 32.50 31.00 45.00
12.50 28.50 31.00 45.00
8.50 24.50 31.00 45.00
4.50 24.50 31.00 45.00
0.50 24.50 31.00 45.00
-3.50 20.50 31.00 45.00
-7.50 20.50 31.00 45.00
-11.50 20.50 31.00 45.00
-15.50 20.50 31.00 45.00
-15.50 20.50 31.00 45.00
-19.50 20.50 31.00 45.00
-23.50 20.50 31.00 45.00
-27.50 20.50 31.00 45.00
-7.50 16.50 31.00 45.00
-7.50 12.50 31.00 45.00
-7.50 12.50 31.00 45.00
-7.50 12.50 31.00 45.00
-7.50 12.50 31.00 45.00
-7.50 12.50 31.00 45.00
-7.50 12.50 31.00 45.00
-7.50 12.50 31.00 45.00
-7.50 12.50 31.00 45.00
-7.50 12.50 31.00 45.00
-7.50 12.50 31.00 45.00
-7.50 12.50 31.00 45.00
-7.50 12.50 31.00 45.00
-7.50 12.50 31.00 45.00
-7.50 12.50 31.00 45.00
-7.50 12.50 31.00 45.00
-7.50 12.50 31.00 45.00
-7.50 12.50 31.00 45.00
-7.50 12.50 31.00 45.00
-7.50 12.50 31.00 45.00
-7.50 12.50 31.00 45.00
-7.50 12.50 31.00 45.00
