305.50 4.50 95.00 65.00
309.50 20.50 95.00 65.00
313.50 44.50 95.00 65.00
317.50 72.50 95.00 65.00
325.50 104.50 95.00 65.00
329.50 136.50 95.00 65.00
325.50 152.50 95.00 65.00
317.50 144.50 95.00 65.00
313.50 124.50 95.00 65.00
309.50 96.50 95.00 65.00
301.50 72.50 95.00 65.00
277.50 52.50 95.00 65.00
249.50 44.50 95.00 65.00
233.50 36.50 95.00 65.00
217.50 28.50 95.00 65.00
205.50 32.50 95.00 65.00
201.50 36.50 95.00 65.00
205.50 48.50 95.00 65.00
213.50 68.50 95.00 65.00
221.50 92.50 95.00 65.00
229.50 112.50 95.00 65.00
241.50 132.50 95.00 65.00
249.50 132.50 95.00 65.00
257.50 112.50 95.00 65.00
257.50 116.50 95.00 65.00
277.50 128.50 95.00 65.00
297.50 136.50 95.00 65.00
297.50 136.50 95.00 65.00
297.50 132.50 95.00 65.00
329.50 116.50 95.00 65.00
321.50 108.50 95.00 65.00
317.50 104.50 95.00 65.00
321.50 120.50 95.00 65.00
333.50 148.50 95.00 65.00
333.50 148.50 95.00 65.00
337.50 156.50 95.00 65.00
325.50 128.50 95.00 65.00
349.50 152.50 95.00 65.00
369.50 172.50 95.00 65.00
385.50 176.50 95.00 65.00
409.50 164.50 95.00 65.00
425.50 148.50 95.00 65.00
425.50 128.50 95.00 65.00
405.50 116.50 95.00 65.00
369.50 108.50 95.00 65.00
345.50 104.50 95.00 65.00
329.50 100.50 95.00 65.00
321.50 96.50 95.00 65.00
313.50 92.50 95.00 65.00
309.50 92.50 95.00 65.00
313.50 100.50 95.00 65.00
317.50 112.50 95.00 65.00
333.50 128.50 95.00 65.00
337.50 144.50 95.00 65.00
333.50 140.50 95.00 65.00
345.50 156.50 95.00 65.00
353.50 140.50 95.00 65.00
369.50 120.50 95.00 65.00
381.50 100.50 95.00 65.00
389.50 72.50 95.00 65.00
389.50 48.50 95.00 65.00
373.50 28.50 95.00 65.00
353.50 12.50 95.00 65.00
341.50 4.50 95.00 65.00
341.50 0.50 95.00 65.00
341.50 -3.50 95.00 65.00
337.50 0.50 95.00 65.00
337.50 8.50 95.00 65.00
341.50 20.50 95.00 65.00
349.50 36.50 95.00 65.00
361.50 52.50 95.00 65.00
