110.50 97.50 25.00 101.00
110.50 101.50 25.00 101.00
110.50 101.50 25.00 101.00
110.50 105.50 25.00 101.00
110.50 105.50 25.00 101.00
110.50 105.50 25.00 101.00
110.50 109.50 25.00 101.00
106.50 113.50 25.00 101.00
106.50 113.50 25.00 101.00
102.50 113.50 25.00 101.00
98.50 117.50 25.00 101.00
94.50 117.50 25.00 101.00
90.50 113.50 25.00 101.00
90.50 113.50 25.00 101.00
86.50 109.50 25.00 101.00
90.50 109.50 25.00 101.00
90.50 109.50 25.00 101.00
90.50 109.50 25.00 101.00
90.50 109.50 25.00 101.00
90.50 109.50 25.00 101.00
94.50 109.50 25.00 101.00
94.50 109.50 25.00 101.00
98.50 105.50 25.00 101.00
98.50 105.50 25.00 101.00
102.50 105.50 25.00 101.00
102.50 109.50 25.00 101.00
102.50 109.50 25.00 101.00
102.50 109.50 25.00 101.00
106.50 105.50 25.00 101.00
106.50 101.50 25.00 101.00
106.50 101.50 25.00 101.00
106.50 97.50 25.00 101.00
106.50 97.50 25.00 101.00
106.50 97.50 25.00 101.00
106.50 101.50 25.00 101.00
106.50 101.50 25.00 101.00
106.50 101.50 25.00 101.00
106.50 101.50 25.00 101.00
102.50 97.50 25.00 101.00
102.50 97.50 25.00 101.00
102.50 97.50 25.00 101.00
102.50 93.50 25.00 101.00
102.50 97.50 25.00 101.00
102.50 97.50 25.00 101.00
98.50 97.50 25.00 101.00
98.50 97.50 25.00 101.00
90.50 97.50 25.00 101.00
86.50 97.50 25.00 101.00
82.50 93.50 25.00 101.00
82.50 93.50 25.00 101.00
82.50 93.50 25.00 101.00
82.50 97.50 25.00 101.00
82.50 101.50 25.00 101.00
82.50 105.50 25.00 101.00
82.50 105.50 25.00 101.00
82.50 101.50 25.00 101.00
86.50 105.50 25.00 101.00
90.50 101.50 25.00 101.00
94.50 97.50 25.00 101.00
98.50 97.50 25.00 101.00
102.50 97.50 25.00 101.00
106.50 97.50 25.00 101.00
106.50 101.50 25.00 101.00
106.50 97.50 25.00 101.00
106.50 97.50 25.00 101.00
110.50 93.50 25.00 101.00
114.50 93.50 25.00 101.00
114.50 93.50 25.00 101.00
114.50 93.50 25.00 101.00
110.50 89.50 25.00 101.00
110.50 89.50 25.00 101.00
106.50 89.50 25.00 101.00
102.50 89.50 25.00 101.00
98.50 89.50 25.00 101.00
98.50 89.50 25.00 101.00
94.50 89.50 25.00 101.00
90.50 89.50 25.00 101.00
86.50 89.50 25.00 101.00
90.50 113.50 25.00 101.00
86.50 109.50 25.00 101.00
82.50 109.50 25.00 101.00
78.50 105.50 25.00 101.00
74.50 101.50 25.00 101.00
70.50 101.50 25.00 101.00
66.50 97.50 25.00 101.00
66.50 97.50 25.00 101.00
66.50 93.50 25.00 101.00
62.50 89.50 25.00 101.00
62.50 89.50 25.00 101.00
62.50 89.50 25.00 101.00
62.50 85.50 25.00 101.00
62.50 85.50 25.00 101.00
58.50 85.50 25.00 101.00
58.50 85.50 25.00 101.00
54.50 85.50 25.00 101.00
50.50 85.50 25.00 101.00
46.50 85.50 25.00 101.00
42.50 81.50 25.00 101.00
38.50 81.50 25.00 101.00
30.50 81.50 25.00 101.00
26.50 77.50 25.00 101.00
22.50 77.50 25.00 101.00
18.50 73.50 25.00 101.00
14.50 69.50 25.00 101.00
10.50 69.50 25.00 101.00
6.50 65.50 25.00 101.00
2.50 65.50 25.00 101.00
-5.50 61.50 25.00 101.00
-9.50 53.50 25.00 101.00
-13.50 49.50 25.00 101.00
-1.50 45.50 25.00 101.00
2.50 49.50 25.00 101.00
2.50 49.50 25.00 101.00
-1.50 49.50 25.00 101.00
2.50 49.50 25.00 101.00
6.50 61.50 25.00 101.00
10.50 65.50 25.00 101.00
10.50 65.50 25.00 101.00
10.50 73.50 25.00 101.00
10.50 73.50 25.00 101.00
10.50 73.50 25.00 101.00
10.50 73.50 25.00 101.00
10.50 73.50 25.00 101.00
10.50 73.50 25.00 101.00
10.50 73.50 25.00 101.00
10.50 73.50 25.00 101.00
10.50 73.50 25.00 101.00
10.50 77.50 25.00 101.00
10.50 73.50 25.00 101.00
10.50 73.50 25.00 101.00
10.50 77.50 25.00 101.00
10.50 77.50 25.00 101.00
10.50 77.50 25.00 101.00
10.50 81.50 25.00 101.00
6.50 81.50 25.00 101.00
6.50 85.50 25.00 101.00
6.50 89.50 25.00 101.00
6.50 89.50 25.00 101.00
6.50 93.50 25.00 101.00
6.50 93.50 25.00 101.00
2.50 93.50 25.00 101.00
2.50 93.50 25.00 101.00
2.50 93.50 25.00 101.00
2.50 93.50 25.00 101.00
2.50 93.50 25.00 101.00
2.50 93.50 25.00 101.00
2.50 93.50 25.00 101.00
2.50 89.50 25.00 101.00
2.50 89.50 25.00 101.00
2.50 89.50 25.00 101.00
2.50 85.50 25.00 101.00
2.50 81.50 25.00 101.00
2.50 77.50 25.00 101.00
2.50 77.50 25.00 101.00
2.50 77.50 25.00 101.00
2.50 77.50 25.00 101.00
2.50 73.50 25.00 101.00
2.50 69.50 25.00 101.00
2.50 69.50 25.00 101.00
2.50 73.50 25.00 101.00
2.50 73.50 25.00 101.00
2.50 73.50 25.00 101.00
2.50 73.50 25.00 101.00
2.50 73.50 25.00 101.00
2.50 73.50 25.00 101.00
2.50 73.50 25.00 101.00
2.50 73.50 25.00 101.00
2.50 73.50 25.00 101.00
2.50 73.50 25.00 101.00
2.50 73.50 25.00 101.00
2.50 77.50 25.00 101.00
2.50 77.50 25.00 101.00
2.50 77.50 25.00 101.00
2.50 77.50 25.00 101.00
2.50 77.50 25.00 101.00
2.50 81.50 25.00 101.00
2.50 81.50 25.00 101.00
2.50 81.50 25.00 101.00
2.50 81.50 25.00 101.00
2.50 81.50 25.00 101.00
2.50 85.50 25.00 101.00
2.50 81.50 25.00 101.00
2.50 81.50 25.00 101.00
2.50 81.50 25.00 101.00
2.50 85.50 25.00 101.00
2.50 85.50 25.00 101.00
2.50 81.50 25.00 101.00
2.50 81.50 25.00 101.00
2.50 81.50 25.00 101.00
2.50 81.50 25.00 101.00
2.50 77.50 25.00 101.00
2.50 73.50 25.00 101.00
2.50 73.50 25.00 101.00
2.50 73.50 25.00 101.00
2.50 73.50 25.00 101.00
2.50 73.50 25.00 101.00
2.50 73.50 25.00 101.00
2.50 69.50 25.00 101.00
2.50 69.50 25.00 101.00
2.50 69.50 25.00 101.00
2.50 69.50 25.00 101.00
2.50 69.50 25.00 101.00
2.50 73.50 25.00 101.00
2.50 73.50 25.00 101.00
2.50 73.50 25.00 101.00
2.50 77.50 25.00 101.00
2.50 77.50 25.00 101.00
2.50 77.50 25.00 101.00
2.50 81.50 25.00 101.00
2.50 85.50 25.00 101.00
2.50 85.50 25.00 101.00
2.50 85.50 25.00 101.00
2.50 89.50 25.00 101.00
2.50 89.50 25.00 101.00
2.50 93.50 25.00 101.00
2.50 97.50 25.00 101.00
2.50 105.50 25.00 101.00
2.50 105.50 25.00 101.00
2.50 109.50 25.00 101.00
2.50 109.50 25.00 101.00
2.50 113.50 25.00 101.00
2.50 109.50 25.00 101.00
2.50 109.50 25.00 101.00
2.50 105.50 25.00 101.00
2.50 105.50 25.00 101.00
2.50 101.50 25.00 101.00
2.50 97.50 25.00 101.00
2.50 93.50 25.00 101.00
2.50 93.50 25.00 101.00
2.50 93.50 25.00 101.00
2.50 93.50 25.00 101.00
2.50 93.50 25.00 101.00
2.50 97.50 25.00 101.00
2.50 93.50 25.00 101.00
2.50 93.50 25.00 101.00
2.50 89.50 25.00 101.00
2.50 85.50 25.00 101.00
2.50 81.50 25.00 101.00
2.50 77.50 25.00 101.00
2.50 77.50 25.00 101.00
2.50 81.50 25.00 101.00
2.50 81.50 25.00 101.00
2.50 81.50 25.00 101.00
2.50 81.50 25.00 101.00
2.50 81.50 25.00 101.00
2.50 81.50 25.00 101.00
2.50 81.50 25.00 101.00
2.50 81.50 25.00 101.00
2.50 85.50 25.00 101.00
2.50 89.50 25.00 101.00
2.50 93.50 25.00 101.00
2.50 93.50 25.00 101.00
2.50 93.50 25.00 101.00
2.50 93.50 25.00 101.00
2.50 97.50 25.00 101.00
2.50 97.50 25.00 101.00
2.50 97.50 25.00 101.00
2.50 97.50 25.00 101.00
2.50 97.50 25.00 101.00
2.50 101.50 25.00 101.00
2.50 105.50 25.00 101.00
2.50 105.50 25.00 101.00
2.50 105.50 25.00 101.00
2.50 109.50 25.00 101.00
2.50 113.50 25.00 101.00
2.50 121.50 25.00 101.00
2.50 121.50 25.00 101.00
2.50 121.50 25.00 101.00
2.50 117.50 25.00 101.00
2.50 117.50 25.00 101.00
2.50 117.50 25.00 101.00
2.50 113.50 25.00 101.00
2.50 109.50 25.00 101.00
2.50 109.50 25.00 101.00
2.50 113.50 25.00 101.00
2.50 113.50 25.00 101.00
2.50 113.50 25.00 101.00
2.50 117.50 25.00 101.00
2.50 117.50 25.00 101.00
2.50 117.50 25.00 101.00
2.50 117.50 25.00 101.00
2.50 117.50 25.00 101.00
2.50 117.50 25.00 101.00
2.50 117.50 25.00 101.00
2.50 121.50 25.00 101.00
2.50 121.50 25.00 101.00
2.50 121.50 25.00 101.00
2.50 125.50 25.00 101.00
2.50 125.50 25.00 101.00
2.50 121.50 25.00 101.00
2.50 125.50 25.00 101.00
2.50 125.50 25.00 101.00
2.50 125.50 25.00 101.00
2.50 129.50 25.00 101.00
2.50 133.50 25.00 101.00
2.50 133.50 25.00 101.00
2.50 137.50 25.00 101.00
2.50 133.50 25.00 101.00
2.50 133.50 25.00 101.00
2.50 133.50 25.00 101.00
2.50 133.50 25.00 101.00
2.50 129.50 25.00 101.00
2.50 125.50 25.00 101.00
2.50 125.50 25.00 101.00
2.50 125.50 25.00 101.00
2.50 121.50 25.00 101.00
2.50 121.50 25.00 101.00
