301.50 134.50 67.00 81.00
297.50 138.50 67.00 81.00
293.50 142.50 67.00 81.00
293.50 142.50 67.00 81.00
297.50 146.50 67.00 81.00
301.50 146.50 67.00 81.00
305.50 146.50 67.00 81.00
309.50 146.50 67.00 81.00
309.50 146.50 67.00 81.00
305.50 150.50 67.00 81.00
305.50 150.50 67.00 81.00
309.50 146.50 67.00 81.00
317.50 142.50 67.00 81.00
325.50 138.50 67.00 81.00
329.50 134.50 67.00 81.00
333.50 134.50 67.00 81.00
333.50 130.50 67.00 81.00
333.50 130.50 67.00 81.00
333.50 130.50 67.00 81.00
337.50 126.50 67.00 81.00
341.50 118.50 67.00 81.00
349.50 114.50 67.00 81.00
353.50 114.50 67.00 81.00
357.50 114.50 67.00 81.00
365.50 118.50 67.00 81.00
377.50 130.50 67.00 81.00
381.50 130.50 67.00 81.00
377.50 122.50 67.00 81.00
365.50 106.50 67.00 81.00
357.50 98.50 67.00 81.00
349.50 90.50 67.00 81.00
341.50 86.50 67.00 81.00
341.50 86.50 67.00 81.00
341.50 86.50 67.00 81.00
345.50 94.50 67.00 81.00
353.50 106.50 67.00 81.00
369.50 122.50 67.00 81.00
377.50 134.50 67.00 81.00
377.50 130.50 67.00 81.00
369.50 114.50 67.00 81.00
365.50 102.50 67.00 81.00
361.50 90.50 67.00 81.00
361.50 86.50 67.00 81.00
361.50 86.50 67.00 81.00
365.50 86.50 67.00 81.00
365.50 94.50 67.00 81.00
373.50 106.50 67.00 81.00
381.50 122.50 67.00 81.00
385.50 138.50 67.00 81.00
385.50 142.50 67.00 81.00
377.50 130.50 67.00 81.00
373.50 114.50 67.00 81.00
369.50 102.50 67.00 81.00
369.50 102.50 67.00 81.00
369.50 106.50 67.00 81.00
369.50 110.50 67.00 81.00
369.50 122.50 67.00 81.00
369.50 138.50 67.00 81.00
353.50 154.50 67.00 81.00
365.50 170.50 67.00 81.00
349.50 166.50 67.00 81.00
337.50 146.50 67.00 81.00
325.50 130.50 67.00 81.00
333.50 146.50 67.00 81.00
333.50 142.50 67.00 81.00
329.50 142.50 67.00 81.00
325.50 146.50 67.00 81.00
325.50 150.50 67.00 81.00
321.50 162.50 67.00 81.00
317.50 182.50 67.00 81.00
321.50 206.50 67.00 81.00
321.50 222.50 67.00 81.00
321.50 218.50 67.00 81.00
309.50 206.50 67.00 81.00
313.50 222.50 67.00 81.00
309.50 210.50 67.00 81.00
305.50 202.50 67.00 81.00
285.50 222.50 67.00 81.00
277.50 218.50 67.00 81.00
273.50 218.50 67.00 81.00
273.50 226.50 67.00 81.00
277.50 206.50 67.00 81.00
277.50 206.50 67.00 81.00
281.50 178.50 67.00 81.00
281.50 178.50 67.00 81.00
277.50 190.50 67.00 81.00
269.50 182.50 67.00 81.00
265.50 178.50 67.00 81.00
265.50 178.50 67.00 81.00
265.50 178.50 67.00 81.00
265.50 178.50 67.00 81.00
265.50 178.50 67.00 81.00
265.50 194.50 67.00 81.00
265.50 202.50 67.00 81.00
265.50 206.50 67.00 81.00
253.50 222.50 67.00 81.00
253.50 222.50 67.00 81.00
253.50 218.50 67.00 81.00
253.50 218.50 67.00 81.00
257.50 218.50 67.00 81.00
257.50 214.50 67.00 81.00
257.50 210.50 67.00 81.00
261.50 206.50 67.00 81.00
265.50 202.50 67.00 81.00
265.50 194.50 67.00 81.00
265.50 190.50 67.00 81.00
269.50 194.50 67.00 81.00
273.50 178.50 67.00 81.00
273.50 170.50 67.00 81.00
273.50 174.50 67.00 81.00
269.50 170.50 67.00 81.00
269.50 166.50 67.00 81.00
265.50 170.50 67.00 81.00
265.50 150.50 67.00 81.00
277.50 154.50 67.00 81.00
257.50 162.50 67.00 81.00
241.50 166.50 67.00 81.00
237.50 162.50 67.00 81.00
241.50 158.50 67.00 81.00
249.50 158.50 67.00 81.00
245.50 158.50 67.00 81.00
245.50 150.50 67.00 81.00
241.50 142.50 67.00 81.00
245.50 138.50 67.00 81.00
253.50 134.50 67.00 81.00
253.50 138.50 67.00 81.00
257.50 138.50 67.00 81.00
261.50 138.50 67.00 81.00
265.50 138.50 67.00 81.00
269.50 142.50 67.00 81.00
269.50 146.50 67.00 81.00
273.50 146.50 67.00 81.00
273.50 150.50 67.00 81.00
277.50 154.50 67.00 81.00
281.50 154.50 67.00 81.00
285.50 154.50 67.00 81.00
285.50 154.50 67.00 81.00
289.50 150.50 67.00 81.00
285.50 150.50 67.00 81.00
285.50 150.50 67.00 81.00
285.50 154.50 67.00 81.00
281.50 154.50 67.00 81.00
281.50 154.50 67.00 81.00
277.50 154.50 67.00 81.00
277.50 150.50 67.00 81.00
273.50 150.50 67.00 81.00
269.50 146.50 67.00 81.00
261.50 142.50 67.00 81.00
253.50 142.50 67.00 81.00
245.50 142.50 67.00 81.00
237.50 146.50 67.00 81.00
233.50 146.50 67.00 81.00
225.50 146.50 67.00 81.00
221.50 146.50 67.00 81.00
217.50 146.50 67.00 81.00
217.50 146.50 67.00 81.00
213.50 146.50 67.00 81.00
209.50 146.50 67.00 81.00
209.50 146.50 67.00 81.00
209.50 146.50 67.00 81.00
205.50 150.50 67.00 81.00
209.50 150.50 67.00 81.00
213.50 154.50 67.00 81.00
221.50 158.50 67.00 81.00
229.50 162.50 67.00 81.00
237.50 162.50 67.00 81.00
245.50 170.50 67.00 81.00
253.50 170.50 67.00 81.00
261.50 174.50 67.00 81.00
269.50 174.50 67.00 81.00
273.50 178.50 67.00 81.00
277.50 182.50 67.00 81.00
281.50 186.50 67.00 81.00
285.50 186.50 67.00 81.00
289.50 190.50 67.00 81.00
293.50 190.50 67.00 81.00
297.50 194.50 67.00 81.00
301.50 194.50 67.00 81.00
305.50 194.50 67.00 81.00
309.50 194.50 67.00 81.00
309.50 194.50 67.00 81.00
313.50 194.50 67.00 81.00
321.50 190.50 67.00 81.00
325.50 190.50 67.00 81.00
333.50 186.50 67.00 81.00
341.50 182.50 67.00 81.00
345.50 182.50 67.00 81.00
349.50 186.50 67.00 81.00
353.50 190.50 67.00 81.00
357.50 194.50 67.00 81.00
353.50 190.50 67.00 81.00
353.50 174.50 67.00 81.00
349.50 162.50 67.00 81.00
345.50 158.50 67.00 81.00
341.50 158.50 67.00 81.00
337.50 170.50 67.00 81.00
341.50 182.50 67.00 81.00
341.50 194.50 67.00 81.00
345.50 198.50 67.00 81.00
349.50 194.50 67.00 81.00
349.50 178.50 67.00 81.00
345.50 166.50 67.00 81.00
345.50 154.50 67.00 81.00
345.50 150.50 67.00 81.00
345.50 150.50 67.00 81.00
345.50 158.50 67.00 81.00
337.50 170.50 67.00 81.00
337.50 178.50 67.00 81.00
329.50 182.50 67.00 81.00
321.50 178.50 67.00 81.00
313.50 166.50 67.00 81.00
309.50 158.50 67.00 81.00
305.50 154.50 67.00 81.00
301.50 154.50 67.00 81.00
297.50 158.50 67.00 81.00
297.50 166.50 67.00 81.00
297.50 178.50 67.00 81.00
293.50 190.50 67.00 81.00
297.50 194.50 67.00 81.00
301.50 186.50 67.00 81.00
301.50 182.50 67.00 81.00
301.50 174.50 67.00 81.00
301.50 166.50 67.00 81.00
301.50 166.50 67.00 81.00
301.50 170.50 67.00 81.00
301.50 178.50 67.00 81.00
301.50 186.50 67.00 81.00
301.50 186.50 67.00 81.00
297.50 182.50 67.00 81.00
289.50 174.50 67.00 81.00
285.50 166.50 67.00 81.00
285.50 162.50 67.00 81.00
285.50 158.50 67.00 81.00
281.50 162.50 67.00 81.00
281.50 166.50 67.00 81.00
285.50 174.50 67.00 81.00
285.50 178.50 67.00 81.00
285.50 182.50 67.00 81.00
289.50 162.50 67.00 81.00
293.50 170.50 67.00 81.00
293.50 178.50 67.00 81.00
297.50 182.50 67.00 81.00
297.50 178.50 67.00 81.00
297.50 170.50 67.00 81.00
293.50 162.50 67.00 81.00
293.50 154.50 67.00 81.00
293.50 146.50 67.00 81.00
293.50 142.50 67.00 81.00
293.50 142.50 67.00 81.00
293.50 146.50 67.00 81.00
293.50 146.50 67.00 81.00
293.50 150.50 67.00 81.00
297.50 146.50 67.00 81.00
297.50 142.50 67.00 81.00
293.50 134.50 67.00 81.00
293.50 126.50 67.00 81.00
293.50 122.50 67.00 81.00
293.50 118.50 67.00 81.00
293.50 118.50 67.00 81.00
289.50 122.50 67.00 81.00
289.50 130.50 67.00 81.00
289.50 134.50 67.00 81.00
285.50 134.50 67.00 81.00
281.50 130.50 67.00 81.00
281.50 122.50 67.00 81.00
281.50 118.50 67.00 81.00
281.50 114.50 67.00 81.00
277.50 118.50 67.00 81.00
277.50 122.50 67.00 81.00
273.50 130.50 67.00 81.00
273.50 138.50 67.00 81.00
273.50 142.50 67.00 81.00
273.50 142.50 67.00 81.00
269.50 138.50 67.00 81.00
269.50 138.50 67.00 81.00
269.50 134.50 67.00 81.00
273.50 134.50 67.00 81.00
277.50 138.50 67.00 81.00
277.50 142.50 67.00 81.00
277.50 146.50 67.00 81.00
277.50 150.50 67.00 81.00
277.50 150.50 67.00 81.00
277.50 142.50 67.00 81.00
277.50 134.50 67.00 81.00
277.50 130.50 67.00 81.00
277.50 130.50 67.00 81.00
277.50 130.50 67.00 81.00
277.50 134.50 67.00 81.00
281.50 138.50 67.00 81.00
281.50 138.50 67.00 81.00
281.50 138.50 67.00 81.00
281.50 130.50 67.00 81.00
281.50 126.50 67.00 81.00
285.50 122.50 67.00 81.00
289.50 118.50 67.00 81.00
289.50 122.50 67.00 81.00
289.50 126.50 67.00 81.00
289.50 130.50 67.00 81.00
293.50 134.50 67.00 81.00
293.50 134.50 67.00 81.00
289.50 130.50 67.00 81.00
289.50 122.50 67.00 81.00
289.50 114.50 67.00 81.00
293.50 114.50 67.00 81.00
293.50 114.50 67.00 81.00
293.50 122.50 67.00 81.00
293.50 130.50 67.00 81.00
293.50 134.50 67.00 81.00
293.50 142.50 67.00 81.00
293.50 142.50 67.00 81.00
297.50 134.50 67.00 81.00
297.50 126.50 67.00 81.00
297.50 122.50 67.00 81.00
297.50 118.50 67.00 81.00
297.50 118.50 67.00 81.00
297.50 122.50 67.00 81.00
297.50 126.50 67.00 81.00
297.50 130.50 67.00 81.00
297.50 130.50 67.00 81.00
297.50 126.50 67.00 81.00
297.50 118.50 67.00 81.00
297.50 110.50 67.00 81.00
297.50 106.50 67.00 81.00
293.50 106.50 67.00 81.00
293.50 106.50 67.00 81.00
289.50 114.50 67.00 81.00
289.50 122.50 67.00 81.00
285.50 126.50 67.00 81.00
285.50 126.50 67.00 81.00
281.50 122.50 67.00 81.00
281.50 114.50 67.00 81.00
281.50 110.50 67.00 81.00
281.50 110.50 67.00 81.00
281.50 110.50 67.00 81.00
281.50 114.50 67.00 81.00
281.50 122.50 67.00 81.00
281.50 130.50 67.00 81.00
285.50 134.50 67.00 81.00
285.50 134.50 67.00 81.00
289.50 130.50 67.00 81.00
289.50 122.50 67.00 81.00
293.50 114.50 67.00 81.00
293.50 114.50 67.00 81.00
297.50 118.50 67.00 81.00
297.50 118.50 67.00 81.00
297.50 126.50 67.00 81.00
297.50 126.50 67.00 81.00
297.50 126.50 67.00 81.00
297.50 126.50 67.00 81.00
297.50 126.50 67.00 81.00
297.50 126.50 67.00 81.00
297.50 126.50 67.00 81.00
297.50 126.50 67.00 81.00
301.50 126.50 67.00 81.00
297.50 126.50 67.00 81.00
297.50 126.50 67.00 81.00
297.50 126.50 67.00 81.00
293.50 126.50 67.00 81.00
293.50 126.50 67.00 81.00
293.50 126.50 67.00 81.00
293.50 126.50 67.00 81.00
289.50 126.50 67.00 81.00
289.50 126.50 67.00 81.00
289.50 130.50 67.00 81.00
285.50 130.50 67.00 81.00
285.50 130.50 67.00 81.00
285.50 126.50 67.00 81.00
285.50 126.50 67.00 81.00
281.50 126.50 67.00 81.00
281.50 130.50 67.00 81.00
285.50 130.50 67.00 81.00
285.50 130.50 67.00 81.00
285.50 130.50 67.00 81.00
285.50 130.50 67.00 81.00
285.50 134.50 67.00 81.00
289.50 134.50 67.00 81.00
289.50 138.50 67.00 81.00
293.50 138.50 67.00 81.00
297.50 142.50 67.00 81.00
301.50 146.50 67.00 81.00
305.50 150.50 67.00 81.00
305.50 154.50 67.00 81.00
309.50 154.50 67.00 81.00
313.50 154.50 67.00 81.00
325.50 142.50 67.00 81.00
325.50 146.50 67.00 81.00
329.50 150.50 67.00 81.00
329.50 154.50 67.00 81.00
333.50 158.50 67.00 81.00
333.50 166.50 67.00 81.00
333.50 170.50 67.00 81.00
329.50 174.50 67.00 81.00
