122.00 86.00 132.00 176.00
122.00 86.00 132.00 176.00
122.00 86.00 132.00 176.00
122.00 86.00 132.00 176.00
122.00 86.00 132.00 176.00
122.00 86.00 132.00 176.00
130.00 86.00 132.00 176.00
130.00 86.00 132.00 176.00
130.00 86.00 132.00 176.00
130.00 86.00 132.00 176.00
130.00 86.00 132.00 176.00
130.00 86.00 132.00 176.00
138.00 86.00 132.00 176.00
138.00 86.00 132.00 176.00
138.00 86.00 132.00 176.00
138.00 86.00 132.00 176.00
138.00 86.00 132.00 176.00
138.00 86.00 132.00 176.00
146.00 86.00 132.00 176.00
146.00 86.00 132.00 176.00
146.00 86.00 132.00 176.00
146.00 86.00 132.00 176.00
146.00 86.00 132.00 176.00
146.00 86.00 132.00 176.00
138.00 86.00 132.00 176.00
138.00 86.00 132.00 176.00
138.00 86.00 132.00 176.00
138.00 86.00 132.00 176.00
130.00 86.00 132.00 176.00
130.00 86.00 132.00 176.00
130.00 86.00 132.00 176.00
130.00 86.00 132.00 176.00
130.00 86.00 132.00 176.00
138.00 86.00 132.00 176.00
138.00 86.00 132.00 176.00
138.00 86.00 132.00 176.00
138.00 86.00 132.00 176.00
138.00 86.00 132.00 176.00
138.00 86.00 132.00 176.00
138.00 86.00 132.00 176.00
146.00 86.00 132.00 176.00
146.00 86.00 132.00 176.00
146.00 86.00 132.00 176.00
146.00 86.00 132.00 176.00
146.00 86.00 132.00 176.00
146.00 86.00 132.00 176.00
146.00 86.00 132.00 176.00
146.00 86.00 132.00 176.00
146.00 86.00 132.00 176.00
154.00 86.00 132.00 176.00
154.00 86.00 132.00 176.00
154.00 86.00 132.00 176.00
154.00 86.00 132.00 176.00
154.00 86.00 132.00 176.00
154.00 86.00 132.00 176.00
154.00 86.00 132.00 176.00
154.00 86.00 132.00 176.00
154.00 86.00 132.00 176.00
154.00 86.00 132.00 176.00
154.00 86.00 132.00 176.00
154.00 86.00 132.00 176.00
154.00 86.00 132.00 176.00
154.00 86.00 132.00 176.00
154.00 86.00 132.00 176.00
154.00 86.00 132.00 176.00
154.00 86.00 132.00 176.00
154.00 86.00 132.00 176.00
154.00 86.00 132.00 176.00
154.00 86.00 132.00 176.00
154.00 86.00 132.00 176.00
154.00 86.00 132.00 176.00
154.00 86.00 132.00 176.00
154.00 86.00 132.00 176.00
154.00 86.00 132.00 176.00
154.00 86.00 132.00 176.00
154.00 86.00 132.00 176.00
154.00 86.00 132.00 176.00
154.00 86.00 132.00 176.00
154.00 86.00 132.00 176.00
162.00 86.00 132.00 176.00
162.00 86.00 132.00 176.00
162.00 86.00 132.00 176.00
162.00 86.00 132.00 176.00
162.00 86.00 132.00 176.00
162.00 86.00 132.00 176.00
162.00 86.00 132.00 176.00
170.00 86.00 132.00 176.00
170.00 86.00 132.00 176.00
170.00 86.00 132.00 176.00
170.00 86.00 132.00 176.00
170.00 86.00 132.00 176.00
170.00 86.00 132.00 176.00
170.00 86.00 132.00 176.00
170.00 86.00 132.00 176.00
170.00 86.00 132.00 176.00
170.00 86.00 132.00 176.00
170.00 94.00 132.00 176.00
170.00 94.00 132.00 176.00
170.00 86.00 132.00 176.00
170.00 86.00 132.00 176.00
170.00 86.00 132.00 176.00
170.00 86.00 132.00 176.00
170.00 86.00 132.00 176.00
170.00 86.00 132.00 176.00
170.00 86.00 132.00 176.00
170.00 86.00 132.00 176.00
170.00 86.00 132.00 176.00
170.00 86.00 132.00 176.00
170.00 86.00 132.00 176.00
162.00 86.00 132.00 176.00
162.00 86.00 132.00 176.00
162.00 86.00 132.00 176.00
162.00 86.00 132.00 176.00
170.00 86.00 132.00 176.00
170.00 86.00 132.00 176.00
170.00 86.00 132.00 176.00
170.00 86.00 132.00 176.00
170.00 86.00 132.00 176.00
178.00 86.00 132.00 176.00
178.00 86.00 132.00 176.00
178.00 86.00 132.00 176.00
186.00 78.00 132.00 176.00
186.00 78.00 132.00 176.00
194.00 78.00 132.00 176.00
194.00 78.00 132.00 176.00
194.00 78.00 132.00 176.00
202.00 78.00 132.00 176.00
202.00 78.00 132.00 176.00
210.00 70.00 132.00 176.00
210.00 70.00 132.00 176.00
218.00 70.00 132.00 176.00
218.00 70.00 132.00 176.00
226.00 70.00 132.00 176.00
226.00 70.00 132.00 176.00
234.00 70.00 132.00 176.00
234.00 70.00 132.00 176.00
242.00 70.00 132.00 176.00
242.00 70.00 132.00 176.00
250.00 70.00 132.00 176.00
250.00 70.00 132.00 176.00
250.00 70.00 132.00 176.00
258.00 70.00 132.00 176.00
258.00 70.00 132.00 176.00
266.00 70.00 132.00 176.00
266.00 70.00 132.00 176.00
274.00 70.00 132.00 176.00
282.00 70.00 132.00 176.00
282.00 78.00 132.00 176.00
290.00 78.00 132.00 176.00
298.00 78.00 132.00 176.00
298.00 78.00 132.00 176.00
306.00 78.00 132.00 176.00
314.00 78.00 132.00 176.00
322.00 78.00 132.00 176.00
322.00 78.00 132.00 176.00
330.00 78.00 132.00 176.00
338.00 78.00 132.00 176.00
346.00 78.00 132.00 176.00
354.00 78.00 132.00 176.00
362.00 70.00 132.00 176.00
362.00 70.00 132.00 176.00
370.00 70.00 132.00 176.00
378.00 70.00 132.00 176.00
378.00 70.00 132.00 176.00
386.00 70.00 132.00 176.00
386.00 70.00 132.00 176.00
394.00 70.00 132.00 176.00
394.00 70.00 132.00 176.00
402.00 70.00 132.00 176.00
402.00 70.00 132.00 176.00
402.00 70.00 132.00 176.00
402.00 70.00 132.00 176.00
410.00 78.00 132.00 176.00
410.00 78.00 132.00 176.00
410.00 78.00 132.00 176.00
410.00 78.00 132.00 176.00
410.00 78.00 132.00 176.00
410.00 78.00 132.00 176.00
410.00 78.00 132.00 176.00
410.00 86.00 132.00 176.00
410.00 86.00 132.00 176.00
410.00 86.00 132.00 176.00
402.00 86.00 132.00 176.00
402.00 86.00 132.00 176.00
402.00 86.00 132.00 176.00
402.00 86.00 132.00 176.00
394.00 86.00 132.00 176.00
394.00 86.00 132.00 176.00
394.00 86.00 132.00 176.00
394.00 86.00 132.00 176.00
394.00 86.00 132.00 176.00
386.00 86.00 132.00 176.00
386.00 86.00 132.00 176.00
386.00 86.00 132.00 176.00
386.00 86.00 132.00 176.00
386.00 86.00 132.00 176.00
386.00 86.00 132.00 176.00
386.00 86.00 132.00 176.00
386.00 86.00 132.00 176.00
386.00 86.00 132.00 176.00
386.00 94.00 132.00 176.00
378.00 94.00 132.00 176.00
378.00 94.00 132.00 176.00
378.00 102.00 132.00 176.00
370.00 110.00 132.00 176.00
370.00 110.00 132.00 176.00
370.00 118.00 132.00 176.00
362.00 118.00 132.00 176.00
362.00 118.00 132.00 176.00
362.00 126.00 132.00 176.00
354.00 126.00 132.00 176.00
354.00 126.00 132.00 176.00
354.00 134.00 132.00 176.00
354.00 134.00 132.00 176.00
354.00 134.00 132.00 176.00
354.00 134.00 132.00 176.00
354.00 142.00 132.00 176.00
354.00 142.00 132.00 176.00
354.00 142.00 132.00 176.00
354.00 142.00 132.00 176.00
346.00 142.00 132.00 176.00
346.00 150.00 132.00 176.00
346.00 150.00 132.00 176.00
346.00 150.00 132.00 176.00
346.00 150.00 132.00 176.00
346.00 150.00 132.00 176.00
346.00 158.00 132.00 176.00
346.00 158.00 132.00 176.00
346.00 158.00 132.00 176.00
346.00 158.00 132.00 176.00
346.00 166.00 132.00 176.00
346.00 166.00 132.00 176.00
346.00 166.00 132.00 176.00
346.00 166.00 132.00 176.00
346.00 166.00 132.00 176.00
346.00 166.00 132.00 176.00
346.00 166.00 132.00 176.00
346.00 166.00 132.00 176.00
346.00 166.00 132.00 176.00
346.00 166.00 132.00 176.00
346.00 166.00 132.00 176.00
346.00 166.00 132.00 176.00
346.00 166.00 132.00 176.00
346.00 166.00 132.00 176.00
346.00 166.00 132.00 176.00
338.00 166.00 132.00 176.00
338.00 166.00 132.00 176.00
338.00 166.00 132.00 176.00
338.00 166.00 132.00 176.00
338.00 158.00 132.00 176.00
338.00 158.00 132.00 176.00
338.00 158.00 132.00 176.00
338.00 158.00 132.00 176.00
338.00 158.00 132.00 176.00
338.00 158.00 132.00 176.00
330.00 158.00 132.00 176.00
330.00 158.00 132.00 176.00
330.00 158.00 132.00 176.00
330.00 158.00 132.00 176.00
322.00 158.00 132.00 176.00
322.00 158.00 132.00 176.00
322.00 158.00 132.00 176.00
314.00 158.00 132.00 176.00
314.00 158.00 132.00 176.00
306.00 158.00 132.00 176.00
306.00 158.00 132.00 176.00
298.00 166.00 132.00 176.00
298.00 166.00 132.00 176.00
298.00 166.00 132.00 176.00
290.00 166.00 132.00 176.00
290.00 166.00 132.00 176.00
282.00 166.00 132.00 176.00
282.00 166.00 132.00 176.00
282.00 166.00 132.00 176.00
274.00 166.00 132.00 176.00
274.00 166.00 132.00 176.00
266.00 166.00 132.00 176.00
258.00 166.00 132.00 176.00
250.00 158.00 132.00 176.00
250.00 158.00 132.00 176.00
242.00 158.00 132.00 176.00
242.00 158.00 132.00 176.00
234.00 158.00 132.00 176.00
234.00 150.00 132.00 176.00
226.00 150.00 132.00 176.00
226.00 150.00 132.00 176.00
218.00 142.00 132.00 176.00
218.00 142.00 132.00 176.00
218.00 142.00 132.00 176.00
210.00 134.00 132.00 176.00
210.00 134.00 132.00 176.00
210.00 134.00 132.00 176.00
202.00 126.00 132.00 176.00
202.00 126.00 132.00 176.00
202.00 126.00 132.00 176.00
202.00 126.00 132.00 176.00
202.00 126.00 132.00 176.00
194.00 118.00 132.00 176.00
194.00 118.00 132.00 176.00
194.00 118.00 132.00 176.00
194.00 118.00 132.00 176.00
194.00 118.00 132.00 176.00
186.00 118.00 132.00 176.00
186.00 118.00 132.00 176.00
186.00 118.00 132.00 176.00
186.00 118.00 132.00 176.00
178.00 118.00 132.00 176.00
178.00 118.00 132.00 176.00
178.00 118.00 132.00 176.00
178.00 118.00 132.00 176.00
170.00 110.00 132.00 176.00
170.00 110.00 132.00 176.00
170.00 110.00 132.00 176.00
170.00 110.00 132.00 176.00
170.00 110.00 132.00 176.00
162.00 110.00 132.00 176.00
162.00 110.00 132.00 176.00
162.00 102.00 132.00 176.00
162.00 102.00 132.00 176.00
162.00 102.00 132.00 176.00
162.00 102.00 132.00 176.00
154.00 102.00 132.00 176.00
154.00 102.00 132.00 176.00
154.00 102.00 132.00 176.00
154.00 102.00 132.00 176.00
154.00 102.00 132.00 176.00
154.00 94.00 132.00 176.00
154.00 94.00 132.00 176.00
154.00 94.00 132.00 176.00
154.00 94.00 132.00 176.00
154.00 94.00 132.00 176.00
146.00 94.00 132.00 176.00
146.00 94.00 132.00 176.00
146.00 94.00 132.00 176.00
146.00 94.00 132.00 176.00
146.00 94.00 132.00 176.00
146.00 94.00 132.00 176.00
146.00 94.00 132.00 176.00
146.00 94.00 132.00 176.00
146.00 94.00 132.00 176.00
146.00 102.00 132.00 176.00
146.00 102.00 132.00 176.00
146.00 102.00 132.00 176.00
146.00 102.00 132.00 176.00
146.00 102.00 132.00 176.00
146.00 102.00 132.00 176.00
154.00 102.00 132.00 176.00
154.00 102.00 132.00 176.00
154.00 102.00 132.00 176.00
154.00 102.00 132.00 176.00
162.00 102.00 132.00 176.00
162.00 102.00 132.00 176.00
162.00 102.00 132.00 176.00
170.00 110.00 132.00 176.00
170.00 110.00 132.00 176.00
170.00 110.00 132.00 176.00
170.00 110.00 132.00 176.00
170.00 110.00 132.00 176.00
170.00 110.00 132.00 176.00
170.00 110.00 132.00 176.00
170.00 110.00 132.00 176.00
170.00 110.00 132.00 176.00
170.00 110.00 132.00 176.00
170.00 110.00 132.00 176.00
170.00 110.00 132.00 176.00
170.00 110.00 132.00 176.00
170.00 110.00 132.00 176.00
170.00 110.00 132.00 176.00
170.00 110.00 132.00 176.00
170.00 110.00 132.00 176.00
170.00 102.00 132.00 176.00
162.00 102.00 132.00 176.00
162.00 102.00 132.00 176.00
162.00 102.00 132.00 176.00
170.00 102.00 132.00 176.00
170.00 102.00 132.00 176.00
170.00 102.00 132.00 176.00
170.00 94.00 132.00 176.00
170.00 94.00 132.00 176.00
170.00 94.00 132.00 176.00
178.00 94.00 132.00 176.00
178.00 94.00 132.00 176.00
186.00 94.00 132.00 176.00
186.00 94.00 132.00 176.00
194.00 94.00 132.00 176.00
194.00 102.00 132.00 176.00
194.00 102.00 132.00 176.00
194.00 102.00 132.00 176.00
194.00 102.00 132.00 176.00
194.00 102.00 132.00 176.00
194.00 102.00 132.00 176.00
194.00 102.00 132.00 176.00
194.00 102.00 132.00 176.00
202.00 102.00 132.00 176.00
202.00 102.00 132.00 176.00
202.00 102.00 132.00 176.00
202.00 102.00 132.00 176.00
202.00 102.00 132.00 176.00
202.00 102.00 132.00 176.00
202.00 102.00 132.00 176.00
194.00 102.00 132.00 176.00
194.00 102.00 132.00 176.00
194.00 102.00 132.00 176.00
194.00 102.00 132.00 176.00
194.00 102.00 132.00 176.00
194.00 102.00 132.00 176.00
194.00 102.00 132.00 176.00
194.00 102.00 132.00 176.00
194.00 102.00 132.00 176.00
194.00 102.00 132.00 176.00
194.00 102.00 132.00 176.00
194.00 102.00 132.00 176.00
194.00 102.00 132.00 176.00
194.00 102.00 132.00 176.00
194.00 102.00 132.00 176.00
194.00 102.00 132.00 176.00
194.00 102.00 132.00 176.00
194.00 102.00 132.00 176.00
194.00 102.00 132.00 176.00
194.00 102.00 132.00 176.00
194.00 102.00 132.00 176.00
194.00 102.00 132.00 176.00
194.00 102.00 132.00 176.00
194.00 102.00 132.00 176.00
194.00 102.00 132.00 176.00
194.00 102.00 132.00 176.00
194.00 102.00 132.00 176.00
194.00 102.00 132.00 176.00
194.00 102.00 132.00 176.00
194.00 102.00 132.00 176.00
194.00 102.00 132.00 176.00
194.00 102.00 132.00 176.00
194.00 102.00 132.00 176.00
194.00 102.00 132.00 176.00
194.00 102.00 132.00 176.00
194.00 102.00 132.00 176.00
194.00 102.00 132.00 176.00
194.00 102.00 132.00 176.00
194.00 102.00 132.00 176.00
194.00 102.00 132.00 176.00
194.00 102.00 132.00 176.00
194.00 102.00 132.00 176.00
194.00 102.00 132.00 176.00
194.00 102.00 132.00 176.00
194.00 102.00 132.00 176.00
194.00 102.00 132.00 176.00
194.00 102.00 132.00 176.00
194.00 102.00 132.00 176.00
194.00 102.00 132.00 176.00
194.00 102.00 132.00 176.00
194.00 102.00 132.00 176.00
194.00 102.00 132.00 176.00
194.00 102.00 132.00 176.00
194.00 102.00 132.00 176.00
194.00 102.00 132.00 176.00
194.00 110.00 132.00 176.00
194.00 110.00 132.00 176.00
194.00 110.00 132.00 176.00
194.00 110.00 132.00 176.00
194.00 110.00 132.00 176.00
194.00 110.00 132.00 176.00
194.00 110.00 132.00 176.00
194.00 110.00 132.00 176.00
194.00 110.00 132.00 176.00
194.00 110.00 132.00 176.00
194.00 110.00 132.00 176.00
194.00 110.00 132.00 176.00
194.00 110.00 132.00 176.00
194.00 110.00 132.00 176.00
194.00 110.00 132.00 176.00
194.00 110.00 132.00 176.00
194.00 110.00 132.00 176.00
194.00 110.00 132.00 176.00
194.00 110.00 132.00 176.00
202.00 110.00 132.00 176.00
202.00 110.00 132.00 176.00
202.00 110.00 132.00 176.00
202.00 110.00 132.00 176.00
202.00 110.00 132.00 176.00
202.00 110.00 132.00 176.00
202.00 110.00 132.00 176.00
202.00 110.00 132.00 176.00
202.00 110.00 132.00 176.00
202.00 110.00 132.00 176.00
210.00 110.00 132.00 176.00
210.00 110.00 132.00 176.00
210.00 110.00 132.00 176.00
210.00 110.00 132.00 176.00
218.00 110.00 132.00 176.00
218.00 110.00 132.00 176.00
218.00 110.00 132.00 176.00
226.00 110.00 132.00 176.00
226.00 110.00 132.00 176.00
226.00 110.00 132.00 176.00
226.00 110.00 132.00 176.00
234.00 110.00 132.00 176.00
234.00 110.00 132.00 176.00
234.00 110.00 132.00 176.00
234.00 110.00 132.00 176.00
242.00 110.00 132.00 176.00
242.00 110.00 132.00 176.00
242.00 110.00 132.00 176.00
242.00 110.00 132.00 176.00
242.00 110.00 132.00 176.00
250.00 110.00 132.00 176.00
250.00 110.00 132.00 176.00
250.00 110.00 132.00 176.00
250.00 110.00 132.00 176.00
250.00 110.00 132.00 176.00
258.00 110.00 132.00 176.00
258.00 110.00 132.00 176.00
258.00 110.00 132.00 176.00
258.00 110.00 132.00 176.00
258.00 110.00 132.00 176.00
266.00 110.00 132.00 176.00
266.00 110.00 132.00 176.00
266.00 110.00 132.00 176.00
266.00 110.00 132.00 176.00
274.00 102.00 132.00 176.00
274.00 102.00 132.00 176.00
274.00 102.00 132.00 176.00
274.00 102.00 132.00 176.00
282.00 102.00 132.00 176.00
282.00 102.00 132.00 176.00
282.00 102.00 132.00 176.00
282.00 102.00 132.00 176.00
290.00 102.00 132.00 176.00
290.00 94.00 132.00 176.00
290.00 94.00 132.00 176.00
298.00 94.00 132.00 176.00
298.00 94.00 132.00 176.00
298.00 94.00 132.00 176.00
306.00 94.00 132.00 176.00
306.00 94.00 132.00 176.00
306.00 94.00 132.00 176.00
314.00 94.00 132.00 176.00
314.00 94.00 132.00 176.00
314.00 94.00 132.00 176.00
314.00 94.00 132.00 176.00
314.00 94.00 132.00 176.00
314.00 94.00 132.00 176.00
314.00 94.00 132.00 176.00
314.00 94.00 132.00 176.00
314.00 94.00 132.00 176.00
314.00 94.00 132.00 176.00
314.00 94.00 132.00 176.00
314.00 94.00 132.00 176.00
306.00 102.00 132.00 176.00
306.00 102.00 132.00 176.00
306.00 102.00 132.00 176.00
298.00 110.00 132.00 176.00
298.00 110.00 132.00 176.00
290.00 110.00 132.00 176.00
290.00 110.00 132.00 176.00
282.00 110.00 132.00 176.00
282.00 118.00 132.00 176.00
274.00 118.00 132.00 176.00
266.00 118.00 132.00 176.00
266.00 126.00 132.00 176.00
266.00 126.00 132.00 176.00
266.00 126.00 132.00 176.00
258.00 134.00 132.00 176.00
258.00 134.00 132.00 176.00
258.00 134.00 132.00 176.00
250.00 126.00 132.00 176.00
250.00 118.00 132.00 176.00
242.00 110.00 132.00 176.00
242.00 102.00 132.00 176.00
242.00 86.00 132.00 176.00
234.00 78.00 132.00 176.00
234.00 62.00 132.00 176.00
234.00 46.00 132.00 176.00
234.00 30.00 132.00 176.00
234.00 22.00 132.00 176.00
226.00 14.00 132.00 176.00
226.00 6.00 132.00 176.00
226.00 6.00 132.00 176.00
226.00 -2.00 132.00 176.00
218.00 -2.00 132.00 176.00
218.00 -2.00 132.00 176.00
218.00 -2.00 132.00 176.00
218.00 -2.00 132.00 176.00
218.00 6.00 132.00 176.00
210.00 6.00 132.00 176.00
210.00 14.00 132.00 176.00
210.00 14.00 132.00 176.00
210.00 22.00 132.00 176.00
202.00 22.00 132.00 176.00
202.00 22.00 132.00 176.00
202.00 22.00 132.00 176.00
202.00 22.00 132.00 176.00
202.00 22.00 132.00 176.00
202.00 22.00 132.00 176.00
194.00 30.00 132.00 176.00
194.00 30.00 132.00 176.00
194.00 30.00 132.00 176.00
194.00 30.00 132.00 176.00
186.00 30.00 132.00 176.00
186.00 30.00 132.00 176.00
186.00 30.00 132.00 176.00
178.00 30.00 132.00 176.00
178.00 38.00 132.00 176.00
170.00 38.00 132.00 176.00
170.00 38.00 132.00 176.00
170.00 46.00 132.00 176.00
170.00 46.00 132.00 176.00
162.00 46.00 132.00 176.00
162.00 46.00 132.00 176.00
162.00 46.00 132.00 176.00
162.00 46.00 132.00 176.00
162.00 54.00 132.00 176.00
162.00 54.00 132.00 176.00
162.00 62.00 132.00 176.00
162.00 62.00 132.00 176.00
162.00 70.00 132.00 176.00
154.00 70.00 132.00 176.00
154.00 70.00 132.00 176.00
154.00 78.00 132.00 176.00
154.00 78.00 132.00 176.00
154.00 86.00 132.00 176.00
154.00 86.00 132.00 176.00
154.00 86.00 132.00 176.00
154.00 86.00 132.00 176.00
154.00 94.00 132.00 176.00
154.00 94.00 132.00 176.00
154.00 94.00 132.00 176.00
162.00 94.00 132.00 176.00
162.00 94.00 132.00 176.00
170.00 94.00 132.00 176.00
170.00 102.00 132.00 176.00
170.00 102.00 132.00 176.00
178.00 102.00 132.00 176.00
178.00 102.00 132.00 176.00
178.00 102.00 132.00 176.00
178.00 102.00 132.00 176.00
178.00 102.00 132.00 176.00
178.00 102.00 132.00 176.00
170.00 94.00 132.00 176.00
170.00 94.00 132.00 176.00
170.00 86.00 132.00 176.00
170.00 86.00 132.00 176.00
170.00 78.00 132.00 176.00
170.00 78.00 132.00 176.00
162.00 78.00 132.00 176.00
162.00 78.00 132.00 176.00
162.00 78.00 132.00 176.00
162.00 78.00 132.00 176.00
154.00 78.00 132.00 176.00
154.00 78.00 132.00 176.00
154.00 78.00 132.00 176.00
154.00 86.00 132.00 176.00
154.00 86.00 132.00 176.00
162.00 86.00 132.00 176.00
162.00 86.00 132.00 176.00
170.00 86.00 132.00 176.00
170.00 86.00 132.00 176.00
178.00 86.00 132.00 176.00
178.00 86.00 132.00 176.00
178.00 86.00 132.00 176.00
186.00 86.00 132.00 176.00
186.00 86.00 132.00 176.00
186.00 86.00 132.00 176.00
186.00 78.00 132.00 176.00
186.00 78.00 132.00 176.00
186.00 78.00 132.00 176.00
178.00 78.00 132.00 176.00
178.00 78.00 132.00 176.00
178.00 70.00 132.00 176.00
178.00 70.00 132.00 176.00
178.00 70.00 132.00 176.00
170.00 78.00 132.00 176.00
170.00 78.00 132.00 176.00
170.00 78.00 132.00 176.00
170.00 78.00 132.00 176.00
170.00 78.00 132.00 176.00
170.00 78.00 132.00 176.00
170.00 78.00 132.00 176.00
178.00 78.00 132.00 176.00
186.00 78.00 132.00 176.00
186.00 70.00 132.00 176.00
194.00 70.00 132.00 176.00
194.00 70.00 132.00 176.00
202.00 70.00 132.00 176.00
210.00 70.00 132.00 176.00
210.00 70.00 132.00 176.00
210.00 70.00 132.00 176.00
210.00 70.00 132.00 176.00
210.00 70.00 132.00 176.00
210.00 70.00 132.00 176.00
202.00 70.00 132.00 176.00
202.00 62.00 132.00 176.00
194.00 62.00 132.00 176.00
186.00 62.00 132.00 176.00
186.00 62.00 132.00 176.00
178.00 62.00 132.00 176.00
178.00 62.00 132.00 176.00
170.00 62.00 132.00 176.00
170.00 70.00 132.00 176.00
170.00 70.00 132.00 176.00
170.00 70.00 132.00 176.00
170.00 78.00 132.00 176.00
170.00 78.00 132.00 176.00
170.00 78.00 132.00 176.00
170.00 78.00 132.00 176.00
170.00 78.00 132.00 176.00
178.00 78.00 132.00 176.00
178.00 86.00 132.00 176.00
186.00 86.00 132.00 176.00
202.00 86.00 132.00 176.00
210.00 86.00 132.00 176.00
218.00 94.00 132.00 176.00
226.00 94.00 132.00 176.00
242.00 94.00 132.00 176.00
250.00 94.00 132.00 176.00
250.00 86.00 132.00 176.00
258.00 86.00 132.00 176.00
266.00 86.00 132.00 176.00
266.00 78.00 132.00 176.00
266.00 78.00 132.00 176.00
266.00 70.00 132.00 176.00
266.00 70.00 132.00 176.00
266.00 70.00 132.00 176.00
266.00 70.00 132.00 176.00
266.00 78.00 132.00 176.00
266.00 78.00 132.00 176.00
266.00 86.00 132.00 176.00
266.00 94.00 132.00 176.00
266.00 94.00 132.00 176.00
258.00 102.00 132.00 176.00
258.00 102.00 132.00 176.00
258.00 102.00 132.00 176.00
250.00 110.00 132.00 176.00
250.00 110.00 132.00 176.00
250.00 110.00 132.00 176.00
250.00 118.00 132.00 176.00
250.00 118.00 132.00 176.00
258.00 118.00 132.00 176.00
266.00 118.00 132.00 176.00
274.00 118.00 132.00 176.00
282.00 118.00 132.00 176.00
290.00 126.00 132.00 176.00
306.00 126.00 132.00 176.00
314.00 126.00 132.00 176.00
322.00 126.00 132.00 176.00
338.00 134.00 132.00 176.00
346.00 134.00 132.00 176.00
354.00 134.00 132.00 176.00
362.00 142.00 132.00 176.00
370.00 142.00 132.00 176.00
378.00 142.00 132.00 176.00
386.00 150.00 132.00 176.00
386.00 150.00 132.00 176.00
394.00 150.00 132.00 176.00
394.00 158.00 132.00 176.00
402.00 158.00 132.00 176.00
402.00 158.00 132.00 176.00
410.00 158.00 132.00 176.00
410.00 166.00 132.00 176.00
418.00 166.00 132.00 176.00
418.00 166.00 132.00 176.00
418.00 174.00 132.00 176.00
426.00 174.00 132.00 176.00
426.00 174.00 132.00 176.00
426.00 174.00 132.00 176.00
426.00 174.00 132.00 176.00
426.00 174.00 132.00 176.00
426.00 182.00 132.00 176.00
426.00 174.00 132.00 176.00
426.00 174.00 132.00 176.00
418.00 174.00 132.00 176.00
418.00 174.00 132.00 176.00
418.00 174.00 132.00 176.00
410.00 174.00 132.00 176.00
410.00 174.00 132.00 176.00
402.00 174.00 132.00 176.00
402.00 174.00 132.00 176.00
402.00 174.00 132.00 176.00
394.00 174.00 132.00 176.00
394.00 174.00 132.00 176.00
394.00 174.00 132.00 176.00
386.00 174.00 132.00 176.00
386.00 174.00 132.00 176.00
386.00 174.00 132.00 176.00
386.00 174.00 132.00 176.00
386.00 174.00 132.00 176.00
386.00 174.00 132.00 176.00
386.00 174.00 132.00 176.00
378.00 174.00 132.00 176.00
378.00 174.00 132.00 176.00
378.00 174.00 132.00 176.00
378.00 174.00 132.00 176.00
378.00 174.00 132.00 176.00
378.00 174.00 132.00 176.00
378.00 174.00 132.00 176.00
370.00 174.00 132.00 176.00
370.00 174.00 132.00 176.00
370.00 174.00 132.00 176.00
362.00 174.00 132.00 176.00
362.00 174.00 132.00 176.00
362.00 174.00 132.00 176.00
354.00 174.00 132.00 176.00
354.00 174.00 132.00 176.00
354.00 174.00 132.00 176.00
354.00 174.00 132.00 176.00
354.00 174.00 132.00 176.00
346.00 174.00 132.00 176.00
346.00 174.00 132.00 176.00
346.00 174.00 132.00 176.00
346.00 174.00 132.00 176.00
346.00 174.00 132.00 176.00
346.00 174.00 132.00 176.00
346.00 174.00 132.00 176.00
338.00 174.00 132.00 176.00
338.00 174.00 132.00 176.00
338.00 174.00 132.00 176.00
338.00 174.00 132.00 176.00
338.00 174.00 132.00 176.00
338.00 174.00 132.00 176.00
338.00 174.00 132.00 176.00
338.00 174.00 132.00 176.00
338.00 174.00 132.00 176.00
338.00 174.00 132.00 176.00
338.00 174.00 132.00 176.00
338.00 174.00 132.00 176.00
338.00 174.00 132.00 176.00
338.00 174.00 132.00 176.00
330.00 174.00 132.00 176.00
330.00 174.00 132.00 176.00
330.00 174.00 132.00 176.00
330.00 174.00 132.00 176.00
322.00 166.00 132.00 176.00
322.00 166.00 132.00 176.00
314.00 166.00 132.00 176.00
306.00 166.00 132.00 176.00
306.00 166.00 132.00 176.00
298.00 166.00 132.00 176.00
290.00 166.00 132.00 176.00
282.00 166.00 132.00 176.00
282.00 166.00 132.00 176.00
274.00 166.00 132.00 176.00
266.00 166.00 132.00 176.00
266.00 166.00 132.00 176.00
258.00 166.00 132.00 176.00
258.00 166.00 132.00 176.00
258.00 166.00 132.00 176.00
258.00 166.00 132.00 176.00
250.00 166.00 132.00 176.00
250.00 166.00 132.00 176.00
250.00 166.00 132.00 176.00
250.00 166.00 132.00 176.00
250.00 166.00 132.00 176.00
250.00 158.00 132.00 176.00
250.00 158.00 132.00 176.00
250.00 158.00 132.00 176.00
250.00 150.00 132.00 176.00
250.00 150.00 132.00 176.00
250.00 150.00 132.00 176.00
250.00 142.00 132.00 176.00
242.00 142.00 132.00 176.00
242.00 142.00 132.00 176.00
242.00 142.00 132.00 176.00
234.00 134.00 132.00 176.00
234.00 134.00 132.00 176.00
226.00 134.00 132.00 176.00
226.00 126.00 132.00 176.00
218.00 126.00 132.00 176.00
218.00 126.00 132.00 176.00
210.00 126.00 132.00 176.00
210.00 126.00 132.00 176.00
202.00 126.00 132.00 176.00
202.00 126.00 132.00 176.00
202.00 126.00 132.00 176.00
202.00 126.00 132.00 176.00
194.00 126.00 132.00 176.00
194.00 126.00 132.00 176.00
194.00 126.00 132.00 176.00
194.00 126.00 132.00 176.00
186.00 126.00 132.00 176.00
186.00 126.00 132.00 176.00
186.00 118.00 132.00 176.00
178.00 118.00 132.00 176.00
178.00 118.00 132.00 176.00
178.00 110.00 132.00 176.00
170.00 110.00 132.00 176.00
170.00 110.00 132.00 176.00
170.00 102.00 132.00 176.00
170.00 102.00 132.00 176.00
170.00 102.00 132.00 176.00
178.00 102.00 132.00 176.00
178.00 102.00 132.00 176.00
186.00 102.00 132.00 176.00
194.00 102.00 132.00 176.00
210.00 102.00 132.00 176.00
218.00 102.00 132.00 176.00
234.00 94.00 132.00 176.00
242.00 94.00 132.00 176.00
250.00 86.00 132.00 176.00
258.00 86.00 132.00 176.00
258.00 78.00 132.00 176.00
258.00 78.00 132.00 176.00
258.00 78.00 132.00 176.00
258.00 78.00 132.00 176.00
258.00 78.00 132.00 176.00
250.00 78.00 132.00 176.00
250.00 70.00 132.00 176.00
242.00 70.00 132.00 176.00
242.00 70.00 132.00 176.00
234.00 70.00 132.00 176.00
234.00 70.00 132.00 176.00
226.00 70.00 132.00 176.00
234.00 70.00 132.00 176.00
234.00 78.00 132.00 176.00
242.00 78.00 132.00 176.00
242.00 78.00 132.00 176.00
250.00 78.00 132.00 176.00
258.00 86.00 132.00 176.00
258.00 86.00 132.00 176.00
258.00 86.00 132.00 176.00
258.00 86.00 132.00 176.00
266.00 94.00 132.00 176.00
266.00 94.00 132.00 176.00
266.00 86.00 132.00 176.00
266.00 86.00 132.00 176.00
266.00 86.00 132.00 176.00
266.00 86.00 132.00 176.00
258.00 86.00 132.00 176.00
258.00 86.00 132.00 176.00
258.00 86.00 132.00 176.00
258.00 86.00 132.00 176.00
258.00 86.00 132.00 176.00
258.00 86.00 132.00 176.00
258.00 86.00 132.00 176.00
266.00 86.00 132.00 176.00
266.00 86.00 132.00 176.00
266.00 86.00 132.00 176.00
274.00 94.00 132.00 176.00
274.00 94.00 132.00 176.00
282.00 102.00 132.00 176.00
290.00 110.00 132.00 176.00
298.00 110.00 132.00 176.00
314.00 118.00 132.00 176.00
322.00 126.00 132.00 176.00
338.00 134.00 132.00 176.00
354.00 142.00 132.00 176.00
370.00 150.00 132.00 176.00
386.00 158.00 132.00 176.00
394.00 158.00 132.00 176.00
402.00 166.00 132.00 176.00
410.00 166.00 132.00 176.00
418.00 166.00 132.00 176.00
426.00 174.00 132.00 176.00
426.00 174.00 132.00 176.00
434.00 174.00 132.00 176.00
434.00 182.00 132.00 176.00
434.00 182.00 132.00 176.00
442.00 190.00 132.00 176.00
442.00 190.00 132.00 176.00
442.00 198.00 132.00 176.00
442.00 206.00 132.00 176.00
442.00 206.00 132.00 176.00
442.00 214.00 132.00 176.00
434.00 222.00 132.00 176.00
434.00 230.00 132.00 176.00
426.00 230.00 132.00 176.00
418.00 238.00 132.00 176.00
410.00 246.00 132.00 176.00
402.00 254.00 132.00 176.00
394.00 262.00 132.00 176.00
394.00 270.00 132.00 176.00
386.00 278.00 132.00 176.00
378.00 286.00 132.00 176.00
370.00 294.00 132.00 176.00
362.00 302.00 132.00 176.00
362.00 310.00 132.00 176.00
354.00 318.00 132.00 176.00
354.00 326.00 132.00 176.00
346.00 326.00 132.00 176.00
346.00 334.00 132.00 176.00
346.00 334.00 132.00 176.00
346.00 342.00 132.00 176.00
346.00 342.00 132.00 176.00
354.00 342.00 132.00 176.00
354.00 342.00 132.00 176.00
354.00 334.00 132.00 176.00
362.00 334.00 132.00 176.00
362.00 334.00 132.00 176.00
370.00 326.00 132.00 176.00
370.00 318.00 132.00 176.00
370.00 310.00 132.00 176.00
378.00 302.00 132.00 176.00
378.00 294.00 132.00 176.00
378.00 286.00 132.00 176.00
378.00 286.00 132.00 176.00
378.00 278.00 132.00 176.00
378.00 278.00 132.00 176.00
378.00 270.00 132.00 176.00
378.00 270.00 132.00 176.00
378.00 270.00 132.00 176.00
378.00 262.00 132.00 176.00
378.00 262.00 132.00 176.00
378.00 262.00 132.00 176.00
378.00 262.00 132.00 176.00
378.00 262.00 132.00 176.00
378.00 262.00 132.00 176.00
378.00 262.00 132.00 176.00
378.00 262.00 132.00 176.00
378.00 262.00 132.00 176.00
378.00 262.00 132.00 176.00
378.00 254.00 132.00 176.00
378.00 254.00 132.00 176.00
378.00 254.00 132.00 176.00
378.00 254.00 132.00 176.00
378.00 246.00 132.00 176.00
378.00 246.00 132.00 176.00
370.00 246.00 132.00 176.00
370.00 246.00 132.00 176.00
370.00 238.00 132.00 176.00
370.00 238.00 132.00 176.00
370.00 238.00 132.00 176.00
362.00 238.00 132.00 176.00
362.00 238.00 132.00 176.00
354.00 238.00 132.00 176.00
354.00 230.00 132.00 176.00
354.00 230.00 132.00 176.00
346.00 230.00 132.00 176.00
346.00 230.00 132.00 176.00
346.00 230.00 132.00 176.00
346.00 230.00 132.00 176.00
338.00 222.00 132.00 176.00
338.00 222.00 132.00 176.00
338.00 222.00 132.00 176.00
338.00 222.00 132.00 176.00
338.00 222.00 132.00 176.00
338.00 222.00 132.00 176.00
338.00 214.00 132.00 176.00
338.00 214.00 132.00 176.00
338.00 214.00 132.00 176.00
338.00 214.00 132.00 176.00
338.00 214.00 132.00 176.00
338.00 214.00 132.00 176.00
346.00 206.00 132.00 176.00
346.00 206.00 132.00 176.00
346.00 206.00 132.00 176.00
346.00 206.00 132.00 176.00
346.00 198.00 132.00 176.00
346.00 198.00 132.00 176.00
346.00 198.00 132.00 176.00
346.00 198.00 132.00 176.00
338.00 190.00 132.00 176.00
338.00 190.00 132.00 176.00
338.00 190.00 132.00 176.00
338.00 190.00 132.00 176.00
338.00 190.00 132.00 176.00
330.00 182.00 132.00 176.00
330.00 182.00 132.00 176.00
330.00 182.00 132.00 176.00
330.00 182.00 132.00 176.00
330.00 182.00 132.00 176.00
330.00 174.00 132.00 176.00
330.00 174.00 132.00 176.00
330.00 174.00 132.00 176.00
322.00 174.00 132.00 176.00
322.00 174.00 132.00 176.00
322.00 166.00 132.00 176.00
322.00 166.00 132.00 176.00
322.00 166.00 132.00 176.00
322.00 166.00 132.00 176.00
314.00 166.00 132.00 176.00
314.00 166.00 132.00 176.00
314.00 166.00 132.00 176.00
314.00 158.00 132.00 176.00
306.00 158.00 132.00 176.00
306.00 158.00 132.00 176.00
298.00 158.00 132.00 176.00
298.00 158.00 132.00 176.00
298.00 158.00 132.00 176.00
290.00 158.00 132.00 176.00
290.00 158.00 132.00 176.00
290.00 158.00 132.00 176.00
282.00 158.00 132.00 176.00
282.00 158.00 132.00 176.00
274.00 158.00 132.00 176.00
274.00 158.00 132.00 176.00
274.00 150.00 132.00 176.00
266.00 150.00 132.00 176.00
266.00 150.00 132.00 176.00
258.00 150.00 132.00 176.00
258.00 150.00 132.00 176.00
250.00 150.00 132.00 176.00
250.00 150.00 132.00 176.00
250.00 150.00 132.00 176.00
242.00 150.00 132.00 176.00
242.00 150.00 132.00 176.00
234.00 150.00 132.00 176.00
234.00 150.00 132.00 176.00
234.00 150.00 132.00 176.00
226.00 150.00 132.00 176.00
226.00 150.00 132.00 176.00
226.00 150.00 132.00 176.00
218.00 150.00 132.00 176.00
218.00 150.00 132.00 176.00
218.00 142.00 132.00 176.00
218.00 142.00 132.00 176.00
210.00 142.00 132.00 176.00
210.00 142.00 132.00 176.00
210.00 142.00 132.00 176.00
210.00 142.00 132.00 176.00
210.00 142.00 132.00 176.00
202.00 142.00 132.00 176.00
202.00 142.00 132.00 176.00
202.00 142.00 132.00 176.00
202.00 142.00 132.00 176.00
202.00 142.00 132.00 176.00
202.00 142.00 132.00 176.00
202.00 142.00 132.00 176.00
202.00 142.00 132.00 176.00
202.00 142.00 132.00 176.00
210.00 142.00 132.00 176.00
210.00 142.00 132.00 176.00
210.00 142.00 132.00 176.00
218.00 142.00 132.00 176.00
218.00 142.00 132.00 176.00
218.00 142.00 132.00 176.00
226.00 142.00 132.00 176.00
226.00 142.00 132.00 176.00
226.00 142.00 132.00 176.00
226.00 142.00 132.00 176.00
226.00 142.00 132.00 176.00
226.00 142.00 132.00 176.00
234.00 142.00 132.00 176.00
234.00 142.00 132.00 176.00
234.00 142.00 132.00 176.00
234.00 142.00 132.00 176.00
234.00 142.00 132.00 176.00
234.00 142.00 132.00 176.00
234.00 134.00 132.00 176.00
226.00 134.00 132.00 176.00
226.00 126.00 132.00 176.00
226.00 118.00 132.00 176.00
226.00 118.00 132.00 176.00
218.00 110.00 132.00 176.00
218.00 110.00 132.00 176.00
218.00 110.00 132.00 176.00
210.00 110.00 132.00 176.00
202.00 118.00 132.00 176.00
