224.50 134.50 61.00 71.00
224.50 134.50 61.00 71.00
224.50 138.50 61.00 71.00
224.50 138.50 61.00 71.00
224.50 138.50 61.00 71.00
228.50 138.50 61.00 71.00
228.50 138.50 61.00 71.00
224.50 134.50 61.00 71.00
224.50 130.50 61.00 71.00
224.50 126.50 61.00 71.00
220.50 118.50 61.00 71.00
216.50 118.50 61.00 71.00
216.50 114.50 61.00 71.00
216.50 110.50 61.00 71.00
212.50 106.50 61.00 71.00
216.50 102.50 61.00 71.00
216.50 102.50 61.00 71.00
220.50 102.50 61.00 71.00
220.50 102.50 61.00 71.00
224.50 106.50 61.00 71.00
228.50 106.50 61.00 71.00
228.50 110.50 61.00 71.00
228.50 114.50 61.00 71.00
228.50 114.50 61.00 71.00
228.50 118.50 61.00 71.00
228.50 118.50 61.00 71.00
224.50 118.50 61.00 71.00
228.50 122.50 61.00 71.00
228.50 126.50 61.00 71.00
228.50 126.50 61.00 71.00
228.50 126.50 61.00 71.00
232.50 126.50 61.00 71.00
232.50 118.50 61.00 71.00
236.50 114.50 61.00 71.00
236.50 110.50 61.00 71.00
236.50 106.50 61.00 71.00
240.50 102.50 61.00 71.00
244.50 98.50 61.00 71.00
248.50 98.50 61.00 71.00
248.50 98.50 61.00 71.00
248.50 98.50 61.00 71.00
252.50 98.50 61.00 71.00
252.50 102.50 61.00 71.00
252.50 106.50 61.00 71.00
256.50 114.50 61.00 71.00
256.50 122.50 61.00 71.00
256.50 126.50 61.00 71.00
260.50 134.50 61.00 71.00
264.50 142.50 61.00 71.00
268.50 150.50 61.00 71.00
276.50 158.50 61.00 71.00
276.50 162.50 61.00 71.00
276.50 158.50 61.00 71.00
280.50 154.50 61.00 71.00
284.50 150.50 61.00 71.00
288.50 150.50 61.00 71.00
292.50 142.50 61.00 71.00
296.50 134.50 61.00 71.00
300.50 142.50 61.00 71.00
304.50 146.50 61.00 71.00
304.50 150.50 61.00 71.00
312.50 150.50 61.00 71.00
320.50 154.50 61.00 71.00
320.50 158.50 61.00 71.00
320.50 158.50 61.00 71.00
336.50 162.50 61.00 71.00
336.50 162.50 61.00 71.00
336.50 162.50 61.00 71.00
336.50 162.50 61.00 71.00
336.50 162.50 61.00 71.00
336.50 162.50 61.00 71.00
336.50 162.50 61.00 71.00
340.50 158.50 61.00 71.00
340.50 158.50 61.00 71.00
340.50 158.50 61.00 71.00
344.50 154.50 61.00 71.00
344.50 154.50 61.00 71.00
344.50 154.50 61.00 71.00
344.50 154.50 61.00 71.00
344.50 150.50 61.00 71.00
344.50 150.50 61.00 71.00
344.50 146.50 61.00 71.00
344.50 146.50 61.00 71.00
344.50 146.50 61.00 71.00
344.50 146.50 61.00 71.00
344.50 146.50 61.00 71.00
344.50 146.50 61.00 71.00
344.50 142.50 61.00 71.00
344.50 142.50 61.00 71.00
344.50 142.50 61.00 71.00
344.50 142.50 61.00 71.00
344.50 142.50 61.00 71.00
344.50 142.50 61.00 71.00
344.50 142.50 61.00 71.00
344.50 142.50 61.00 71.00
344.50 142.50 61.00 71.00
344.50 142.50 61.00 71.00
344.50 142.50 61.00 71.00
344.50 142.50 61.00 71.00
344.50 142.50 61.00 71.00
344.50 142.50 61.00 71.00
344.50 142.50 61.00 71.00
344.50 142.50 61.00 71.00
348.50 138.50 61.00 71.00
348.50 138.50 61.00 71.00
348.50 138.50 61.00 71.00
348.50 138.50 61.00 71.00
344.50 142.50 61.00 71.00
344.50 142.50 61.00 71.00
344.50 142.50 61.00 71.00
344.50 142.50 61.00 71.00
344.50 142.50 61.00 71.00
344.50 142.50 61.00 71.00
344.50 142.50 61.00 71.00
344.50 142.50 61.00 71.00
344.50 142.50 61.00 71.00
344.50 142.50 61.00 71.00
344.50 142.50 61.00 71.00
344.50 142.50 61.00 71.00
344.50 142.50 61.00 71.00
344.50 142.50 61.00 71.00
348.50 142.50 61.00 71.00
348.50 146.50 61.00 71.00
348.50 146.50 61.00 71.00
348.50 146.50 61.00 71.00
348.50 146.50 61.00 71.00
348.50 142.50 61.00 71.00
348.50 142.50 61.00 71.00
348.50 142.50 61.00 71.00
352.50 142.50 61.00 71.00
352.50 142.50 61.00 71.00
352.50 146.50 61.00 71.00
348.50 146.50 61.00 71.00
348.50 146.50 61.00 71.00
348.50 142.50 61.00 71.00
348.50 142.50 61.00 71.00
348.50 142.50 61.00 71.00
348.50 142.50 61.00 71.00
344.50 142.50 61.00 71.00
344.50 142.50 61.00 71.00
344.50 142.50 61.00 71.00
344.50 142.50 61.00 71.00
344.50 142.50 61.00 71.00
348.50 142.50 61.00 71.00
348.50 142.50 61.00 71.00
348.50 146.50 61.00 71.00
348.50 146.50 61.00 71.00
348.50 146.50 61.00 71.00
348.50 146.50 61.00 71.00
348.50 146.50 61.00 71.00
348.50 142.50 61.00 71.00
348.50 142.50 61.00 71.00
348.50 142.50 61.00 71.00
348.50 138.50 61.00 71.00
348.50 138.50 61.00 71.00
344.50 142.50 61.00 71.00
344.50 142.50 61.00 71.00
340.50 146.50 61.00 71.00
340.50 146.50 61.00 71.00
340.50 146.50 61.00 71.00
340.50 146.50 61.00 71.00
340.50 142.50 61.00 71.00
340.50 142.50 61.00 71.00
340.50 142.50 61.00 71.00
340.50 142.50 61.00 71.00
340.50 142.50 61.00 71.00
340.50 142.50 61.00 71.00
340.50 142.50 61.00 71.00
340.50 142.50 61.00 71.00
340.50 142.50 61.00 71.00
344.50 142.50 61.00 71.00
344.50 146.50 61.00 71.00
344.50 146.50 61.00 71.00
344.50 146.50 61.00 71.00
344.50 142.50 61.00 71.00
344.50 142.50 61.00 71.00
344.50 142.50 61.00 71.00
344.50 142.50 61.00 71.00
344.50 142.50 61.00 71.00
344.50 142.50 61.00 71.00
344.50 142.50 61.00 71.00
344.50 142.50 61.00 71.00
344.50 142.50 61.00 71.00
344.50 142.50 61.00 71.00
344.50 142.50 61.00 71.00
344.50 142.50 61.00 71.00
344.50 146.50 61.00 71.00
344.50 146.50 61.00 71.00
344.50 146.50 61.00 71.00
344.50 146.50 61.00 71.00
344.50 142.50 61.00 71.00
344.50 142.50 61.00 71.00
344.50 142.50 61.00 71.00
344.50 142.50 61.00 71.00
340.50 142.50 61.00 71.00
340.50 142.50 61.00 71.00
340.50 142.50 61.00 71.00
344.50 142.50 61.00 71.00
344.50 142.50 61.00 71.00
344.50 138.50 61.00 71.00
340.50 138.50 61.00 71.00
340.50 138.50 61.00 71.00
340.50 138.50 61.00 71.00
340.50 138.50 61.00 71.00
340.50 138.50 61.00 71.00
340.50 138.50 61.00 71.00
340.50 138.50 61.00 71.00
340.50 138.50 61.00 71.00
340.50 138.50 61.00 71.00
340.50 138.50 61.00 71.00
340.50 138.50 61.00 71.00
340.50 142.50 61.00 71.00
340.50 142.50 61.00 71.00
340.50 142.50 61.00 71.00
340.50 138.50 61.00 71.00
340.50 138.50 61.00 71.00
340.50 138.50 61.00 71.00
340.50 138.50 61.00 71.00
340.50 138.50 61.00 71.00
340.50 138.50 61.00 71.00
340.50 134.50 61.00 71.00
340.50 134.50 61.00 71.00
340.50 130.50 61.00 71.00
340.50 130.50 61.00 71.00
340.50 130.50 61.00 71.00
340.50 130.50 61.00 71.00
340.50 130.50 61.00 71.00
340.50 130.50 61.00 71.00
340.50 130.50 61.00 71.00
340.50 130.50 61.00 71.00
340.50 130.50 61.00 71.00
336.50 130.50 61.00 71.00
336.50 130.50 61.00 71.00
336.50 134.50 61.00 71.00
332.50 134.50 61.00 71.00
332.50 130.50 61.00 71.00
332.50 130.50 61.00 71.00
328.50 134.50 61.00 71.00
324.50 134.50 61.00 71.00
324.50 134.50 61.00 71.00
324.50 134.50 61.00 71.00
328.50 134.50 61.00 71.00
324.50 138.50 61.00 71.00
324.50 134.50 61.00 71.00
324.50 134.50 61.00 71.00
320.50 130.50 61.00 71.00
320.50 126.50 61.00 71.00
316.50 126.50 61.00 71.00
312.50 126.50 61.00 71.00
308.50 126.50 61.00 71.00
308.50 126.50 61.00 71.00
308.50 122.50 61.00 71.00
308.50 122.50 61.00 71.00
308.50 122.50 61.00 71.00
316.50 126.50 61.00 71.00
320.50 126.50 61.00 71.00
320.50 126.50 61.00 71.00
320.50 126.50 61.00 71.00
324.50 122.50 61.00 71.00
324.50 122.50 61.00 71.00
324.50 122.50 61.00 71.00
324.50 122.50 61.00 71.00
324.50 122.50 61.00 71.00
324.50 126.50 61.00 71.00
320.50 122.50 61.00 71.00
316.50 122.50 61.00 71.00
316.50 126.50 61.00 71.00
316.50 126.50 61.00 71.00
312.50 126.50 61.00 71.00
312.50 122.50 61.00 71.00
312.50 118.50 61.00 71.00
312.50 118.50 61.00 71.00
312.50 122.50 61.00 71.00
312.50 126.50 61.00 71.00
312.50 126.50 61.00 71.00
312.50 130.50 61.00 71.00
316.50 130.50 61.00 71.00
320.50 126.50 61.00 71.00
320.50 126.50 61.00 71.00
324.50 126.50 61.00 71.00
328.50 122.50 61.00 71.00
328.50 122.50 61.00 71.00
328.50 122.50 61.00 71.00
324.50 122.50 61.00 71.00
324.50 122.50 61.00 71.00
324.50 126.50 61.00 71.00
320.50 130.50 61.00 71.00
320.50 134.50 61.00 71.00
316.50 138.50 61.00 71.00
312.50 138.50 61.00 71.00
308.50 142.50 61.00 71.00
304.50 138.50 61.00 71.00
304.50 134.50 61.00 71.00
304.50 130.50 61.00 71.00
304.50 126.50 61.00 71.00
296.50 130.50 61.00 71.00
292.50 130.50 61.00 71.00
292.50 134.50 61.00 71.00
292.50 134.50 61.00 71.00
292.50 138.50 61.00 71.00
292.50 138.50 61.00 71.00
296.50 134.50 61.00 71.00
300.50 130.50 61.00 71.00
304.50 126.50 61.00 71.00
308.50 122.50 61.00 71.00
308.50 122.50 61.00 71.00
312.50 118.50 61.00 71.00
312.50 122.50 61.00 71.00
312.50 126.50 61.00 71.00
312.50 130.50 61.00 71.00
308.50 134.50 61.00 71.00
308.50 138.50 61.00 71.00
304.50 142.50 61.00 71.00
304.50 146.50 61.00 71.00
304.50 146.50 61.00 71.00
304.50 142.50 61.00 71.00
304.50 134.50 61.00 71.00
304.50 130.50 61.00 71.00
304.50 126.50 61.00 71.00
304.50 126.50 61.00 71.00
304.50 126.50 61.00 71.00
304.50 126.50 61.00 71.00
304.50 130.50 61.00 71.00
304.50 130.50 61.00 71.00
304.50 130.50 61.00 71.00
308.50 126.50 61.00 71.00
308.50 122.50 61.00 71.00
312.50 122.50 61.00 71.00
316.50 118.50 61.00 71.00
316.50 118.50 61.00 71.00
316.50 118.50 61.00 71.00
320.50 118.50 61.00 71.00
320.50 122.50 61.00 71.00
320.50 126.50 61.00 71.00
320.50 134.50 61.00 71.00
320.50 138.50 61.00 71.00
320.50 142.50 61.00 71.00
320.50 142.50 61.00 71.00
316.50 142.50 61.00 71.00
316.50 138.50 61.00 71.00
316.50 134.50 61.00 71.00
316.50 130.50 61.00 71.00
316.50 126.50 61.00 71.00
316.50 126.50 61.00 71.00
316.50 126.50 61.00 71.00
316.50 130.50 61.00 71.00
316.50 134.50 61.00 71.00
316.50 138.50 61.00 71.00
312.50 138.50 61.00 71.00
312.50 138.50 61.00 71.00
308.50 138.50 61.00 71.00
308.50 138.50 61.00 71.00
304.50 134.50 61.00 71.00
304.50 134.50 61.00 71.00
304.50 130.50 61.00 71.00
304.50 130.50 61.00 71.00
304.50 130.50 61.00 71.00
304.50 130.50 61.00 71.00
304.50 134.50 61.00 71.00
300.50 134.50 61.00 71.00
300.50 138.50 61.00 71.00
300.50 138.50 61.00 71.00
300.50 138.50 61.00 71.00
296.50 138.50 61.00 71.00
296.50 138.50 61.00 71.00
