129.50 131.50 31.00 115.00
129.50 131.50 31.00 115.00
129.50 131.50 31.00 115.00
129.50 131.50 31.00 115.00
129.50 131.50 31.00 115.00
129.50 131.50 31.00 115.00
129.50 127.50 31.00 115.00
129.50 127.50 31.00 115.00
129.50 127.50 31.00 115.00
129.50 127.50 31.00 115.00
129.50 127.50 31.00 115.00
129.50 127.50 31.00 115.00
125.50 127.50 31.00 115.00
125.50 127.50 31.00 115.00
125.50 127.50 31.00 115.00
125.50 127.50 31.00 115.00
125.50 127.50 31.00 115.00
125.50 123.50 31.00 115.00
125.50 123.50 31.00 115.00
125.50 119.50 31.00 115.00
125.50 119.50 31.00 115.00
125.50 119.50 31.00 115.00
125.50 119.50 31.00 115.00
125.50 119.50 31.00 115.00
125.50 123.50 31.00 115.00
125.50 119.50 31.00 115.00
125.50 119.50 31.00 115.00
125.50 119.50 31.00 115.00
125.50 115.50 31.00 115.00
125.50 115.50 31.00 115.00
125.50 115.50 31.00 115.00
125.50 115.50 31.00 115.00
125.50 115.50 31.00 115.00
125.50 115.50 31.00 115.00
121.50 115.50 31.00 115.00
121.50 115.50 31.00 115.00
121.50 115.50 31.00 115.00
121.50 115.50 31.00 115.00
121.50 111.50 31.00 115.00
121.50 111.50 31.00 115.00
121.50 111.50 31.00 115.00
121.50 111.50 31.00 115.00
121.50 111.50 31.00 115.00
121.50 111.50 31.00 115.00
121.50 111.50 31.00 115.00
121.50 111.50 31.00 115.00
121.50 111.50 31.00 115.00
121.50 111.50 31.00 115.00
121.50 111.50 31.00 115.00
121.50 107.50 31.00 115.00
121.50 107.50 31.00 115.00
121.50 107.50 31.00 115.00
121.50 107.50 31.00 115.00
121.50 107.50 31.00 115.00
121.50 107.50 31.00 115.00
121.50 107.50 31.00 115.00
121.50 107.50 31.00 115.00
121.50 107.50 31.00 115.00
121.50 107.50 31.00 115.00
121.50 107.50 31.00 115.00
121.50 107.50 31.00 115.00
117.50 103.50 31.00 115.00
117.50 103.50 31.00 115.00
117.50 103.50 31.00 115.00
117.50 103.50 31.00 115.00
117.50 103.50 31.00 115.00
117.50 103.50 31.00 115.00
117.50 103.50 31.00 115.00
117.50 103.50 31.00 115.00
117.50 103.50 31.00 115.00
117.50 103.50 31.00 115.00
117.50 99.50 31.00 115.00
117.50 99.50 31.00 115.00
117.50 99.50 31.00 115.00
117.50 99.50 31.00 115.00
117.50 99.50 31.00 115.00
117.50 99.50 31.00 115.00
117.50 99.50 31.00 115.00
117.50 99.50 31.00 115.00
117.50 99.50 31.00 115.00
117.50 99.50 31.00 115.00
117.50 99.50 31.00 115.00
117.50 99.50 31.00 115.00
117.50 95.50 31.00 115.00
117.50 95.50 31.00 115.00
117.50 95.50 31.00 115.00
117.50 95.50 31.00 115.00
117.50 95.50 31.00 115.00
117.50 95.50 31.00 115.00
117.50 95.50 31.00 115.00
117.50 95.50 31.00 115.00
117.50 95.50 31.00 115.00
117.50 95.50 31.00 115.00
117.50 95.50 31.00 115.00
117.50 91.50 31.00 115.00
117.50 91.50 31.00 115.00
117.50 91.50 31.00 115.00
117.50 91.50 31.00 115.00
117.50 91.50 31.00 115.00
117.50 91.50 31.00 115.00
117.50 91.50 31.00 115.00
117.50 91.50 31.00 115.00
117.50 91.50 31.00 115.00
117.50 91.50 31.00 115.00
117.50 91.50 31.00 115.00
117.50 87.50 31.00 115.00
117.50 87.50 31.00 115.00
117.50 87.50 31.00 115.00
117.50 87.50 31.00 115.00
117.50 87.50 31.00 115.00
117.50 87.50 31.00 115.00
117.50 87.50 31.00 115.00
117.50 87.50 31.00 115.00
117.50 87.50 31.00 115.00
117.50 87.50 31.00 115.00
117.50 87.50 31.00 115.00
117.50 83.50 31.00 115.00
117.50 83.50 31.00 115.00
117.50 83.50 31.00 115.00
117.50 83.50 31.00 115.00
117.50 83.50 31.00 115.00
117.50 83.50 31.00 115.00
113.50 83.50 31.00 115.00
113.50 83.50 31.00 115.00
113.50 83.50 31.00 115.00
113.50 83.50 31.00 115.00
113.50 83.50 31.00 115.00
113.50 83.50 31.00 115.00
113.50 79.50 31.00 115.00
113.50 79.50 31.00 115.00
113.50 79.50 31.00 115.00
113.50 79.50 31.00 115.00
113.50 79.50 31.00 115.00
113.50 79.50 31.00 115.00
113.50 79.50 31.00 115.00
113.50 79.50 31.00 115.00
113.50 79.50 31.00 115.00
113.50 79.50 31.00 115.00
113.50 79.50 31.00 115.00
113.50 79.50 31.00 115.00
113.50 79.50 31.00 115.00
113.50 79.50 31.00 115.00
113.50 79.50 31.00 115.00
109.50 79.50 31.00 115.00
109.50 79.50 31.00 115.00
109.50 79.50 31.00 115.00
109.50 79.50 31.00 115.00
109.50 79.50 31.00 115.00
109.50 75.50 31.00 115.00
109.50 75.50 31.00 115.00
109.50 75.50 31.00 115.00
109.50 75.50 31.00 115.00
109.50 75.50 31.00 115.00
109.50 75.50 31.00 115.00
109.50 75.50 31.00 115.00
109.50 75.50 31.00 115.00
109.50 75.50 31.00 115.00
109.50 75.50 31.00 115.00
109.50 75.50 31.00 115.00
109.50 75.50 31.00 115.00
105.50 71.50 31.00 115.00
105.50 71.50 31.00 115.00
105.50 71.50 31.00 115.00
105.50 71.50 31.00 115.00
105.50 71.50 31.00 115.00
105.50 71.50 31.00 115.00
105.50 71.50 31.00 115.00
105.50 71.50 31.00 115.00
105.50 71.50 31.00 115.00
105.50 71.50 31.00 115.00
105.50 71.50 31.00 115.00
105.50 71.50 31.00 115.00
105.50 71.50 31.00 115.00
105.50 71.50 31.00 115.00
105.50 71.50 31.00 115.00
105.50 71.50 31.00 115.00
105.50 71.50 31.00 115.00
105.50 71.50 31.00 115.00
105.50 71.50 31.00 115.00
105.50 71.50 31.00 115.00
105.50 71.50 31.00 115.00
105.50 67.50 31.00 115.00
105.50 67.50 31.00 115.00
101.50 67.50 31.00 115.00
101.50 67.50 31.00 115.00
101.50 67.50 31.00 115.00
101.50 67.50 31.00 115.00
101.50 67.50 31.00 115.00
101.50 67.50 31.00 115.00
101.50 67.50 31.00 115.00
101.50 67.50 31.00 115.00
101.50 67.50 31.00 115.00
101.50 67.50 31.00 115.00
101.50 67.50 31.00 115.00
101.50 67.50 31.00 115.00
101.50 67.50 31.00 115.00
101.50 67.50 31.00 115.00
101.50 67.50 31.00 115.00
101.50 67.50 31.00 115.00
101.50 67.50 31.00 115.00
101.50 67.50 31.00 115.00
101.50 67.50 31.00 115.00
101.50 67.50 31.00 115.00
101.50 67.50 31.00 115.00
101.50 67.50 31.00 115.00
101.50 67.50 31.00 115.00
101.50 67.50 31.00 115.00
101.50 67.50 31.00 115.00
101.50 67.50 31.00 115.00
101.50 67.50 31.00 115.00
101.50 67.50 31.00 115.00
101.50 67.50 31.00 115.00
101.50 67.50 31.00 115.00
101.50 67.50 31.00 115.00
101.50 67.50 31.00 115.00
101.50 67.50 31.00 115.00
101.50 67.50 31.00 115.00
101.50 67.50 31.00 115.00
101.50 67.50 31.00 115.00
101.50 67.50 31.00 115.00
101.50 67.50 31.00 115.00
101.50 67.50 31.00 115.00
101.50 67.50 31.00 115.00
101.50 67.50 31.00 115.00
101.50 67.50 31.00 115.00
101.50 67.50 31.00 115.00
101.50 67.50 31.00 115.00
101.50 67.50 31.00 115.00
101.50 67.50 31.00 115.00
101.50 67.50 31.00 115.00
101.50 67.50 31.00 115.00
101.50 67.50 31.00 115.00
101.50 67.50 31.00 115.00
101.50 67.50 31.00 115.00
101.50 67.50 31.00 115.00
101.50 67.50 31.00 115.00
101.50 67.50 31.00 115.00
101.50 67.50 31.00 115.00
101.50 67.50 31.00 115.00
101.50 67.50 31.00 115.00
101.50 67.50 31.00 115.00
101.50 67.50 31.00 115.00
101.50 67.50 31.00 115.00
101.50 67.50 31.00 115.00
101.50 67.50 31.00 115.00
101.50 67.50 31.00 115.00
101.50 67.50 31.00 115.00
101.50 67.50 31.00 115.00
101.50 67.50 31.00 115.00
101.50 67.50 31.00 115.00
101.50 67.50 31.00 115.00
101.50 67.50 31.00 115.00
101.50 67.50 31.00 115.00
101.50 67.50 31.00 115.00
101.50 67.50 31.00 115.00
101.50 67.50 31.00 115.00
101.50 67.50 31.00 115.00
101.50 67.50 31.00 115.00
101.50 67.50 31.00 115.00
101.50 67.50 31.00 115.00
101.50 67.50 31.00 115.00
101.50 67.50 31.00 115.00
101.50 67.50 31.00 115.00
101.50 67.50 31.00 115.00
101.50 67.50 31.00 115.00
101.50 67.50 31.00 115.00
101.50 67.50 31.00 115.00
101.50 67.50 31.00 115.00
101.50 67.50 31.00 115.00
101.50 67.50 31.00 115.00
101.50 67.50 31.00 115.00
101.50 67.50 31.00 115.00
101.50 67.50 31.00 115.00
101.50 67.50 31.00 115.00
101.50 67.50 31.00 115.00
101.50 67.50 31.00 115.00
101.50 67.50 31.00 115.00
101.50 67.50 31.00 115.00
101.50 67.50 31.00 115.00
101.50 67.50 31.00 115.00
101.50 67.50 31.00 115.00
101.50 67.50 31.00 115.00
101.50 67.50 31.00 115.00
101.50 67.50 31.00 115.00
101.50 67.50 31.00 115.00
101.50 67.50 31.00 115.00
101.50 67.50 31.00 115.00
101.50 67.50 31.00 115.00
101.50 67.50 31.00 115.00
101.50 67.50 31.00 115.00
101.50 67.50 31.00 115.00
101.50 67.50 31.00 115.00
101.50 67.50 31.00 115.00
101.50 67.50 31.00 115.00
101.50 67.50 31.00 115.00
101.50 67.50 31.00 115.00
101.50 67.50 31.00 115.00
101.50 67.50 31.00 115.00
101.50 67.50 31.00 115.00
101.50 67.50 31.00 115.00
101.50 67.50 31.00 115.00
101.50 67.50 31.00 115.00
101.50 67.50 31.00 115.00
101.50 67.50 31.00 115.00
101.50 67.50 31.00 115.00
101.50 67.50 31.00 115.00
101.50 67.50 31.00 115.00
101.50 67.50 31.00 115.00
101.50 67.50 31.00 115.00
101.50 67.50 31.00 115.00
101.50 67.50 31.00 115.00
101.50 67.50 31.00 115.00
101.50 67.50 31.00 115.00
101.50 67.50 31.00 115.00
101.50 67.50 31.00 115.00
101.50 67.50 31.00 115.00
101.50 67.50 31.00 115.00
101.50 67.50 31.00 115.00
101.50 67.50 31.00 115.00
101.50 67.50 31.00 115.00
101.50 67.50 31.00 115.00
101.50 67.50 31.00 115.00
101.50 67.50 31.00 115.00
101.50 67.50 31.00 115.00
101.50 67.50 31.00 115.00
101.50 67.50 31.00 115.00
101.50 67.50 31.00 115.00
101.50 67.50 31.00 115.00
101.50 67.50 31.00 115.00
101.50 67.50 31.00 115.00
101.50 67.50 31.00 115.00
101.50 67.50 31.00 115.00
101.50 67.50 31.00 115.00
101.50 67.50 31.00 115.00
101.50 67.50 31.00 115.00
101.50 67.50 31.00 115.00
101.50 67.50 31.00 115.00
101.50 67.50 31.00 115.00
101.50 67.50 31.00 115.00
101.50 67.50 31.00 115.00
101.50 67.50 31.00 115.00
101.50 67.50 31.00 115.00
101.50 67.50 31.00 115.00
101.50 67.50 31.00 115.00
101.50 67.50 31.00 115.00
101.50 67.50 31.00 115.00
101.50 67.50 31.00 115.00
101.50 67.50 31.00 115.00
101.50 67.50 31.00 115.00
101.50 67.50 31.00 115.00
101.50 67.50 31.00 115.00
101.50 67.50 31.00 115.00
101.50 67.50 31.00 115.00
101.50 67.50 31.00 115.00
101.50 67.50 31.00 115.00
101.50 67.50 31.00 115.00
101.50 67.50 31.00 115.00
101.50 67.50 31.00 115.00
101.50 67.50 31.00 115.00
101.50 67.50 31.00 115.00
101.50 67.50 31.00 115.00
101.50 67.50 31.00 115.00
101.50 67.50 31.00 115.00
101.50 67.50 31.00 115.00
101.50 67.50 31.00 115.00
101.50 67.50 31.00 115.00
101.50 67.50 31.00 115.00
101.50 67.50 31.00 115.00
101.50 67.50 31.00 115.00
101.50 67.50 31.00 115.00
101.50 67.50 31.00 115.00
101.50 67.50 31.00 115.00
101.50 67.50 31.00 115.00
101.50 67.50 31.00 115.00
101.50 67.50 31.00 115.00
101.50 67.50 31.00 115.00
101.50 67.50 31.00 115.00
101.50 67.50 31.00 115.00
101.50 67.50 31.00 115.00
101.50 67.50 31.00 115.00
101.50 67.50 31.00 115.00
101.50 67.50 31.00 115.00
101.50 67.50 31.00 115.00
101.50 67.50 31.00 115.00
101.50 67.50 31.00 115.00
101.50 67.50 31.00 115.00
101.50 67.50 31.00 115.00
101.50 67.50 31.00 115.00
101.50 67.50 31.00 115.00
101.50 67.50 31.00 115.00
101.50 67.50 31.00 115.00
101.50 67.50 31.00 115.00
101.50 67.50 31.00 115.00
101.50 67.50 31.00 115.00
101.50 67.50 31.00 115.00
101.50 67.50 31.00 115.00
101.50 67.50 31.00 115.00
101.50 67.50 31.00 115.00
101.50 67.50 31.00 115.00
101.50 67.50 31.00 115.00
101.50 67.50 31.00 115.00
101.50 67.50 31.00 115.00
101.50 67.50 31.00 115.00
101.50 67.50 31.00 115.00
101.50 67.50 31.00 115.00
101.50 67.50 31.00 115.00
101.50 67.50 31.00 115.00
101.50 67.50 31.00 115.00
101.50 67.50 31.00 115.00
101.50 67.50 31.00 115.00
101.50 67.50 31.00 115.00
101.50 67.50 31.00 115.00
101.50 67.50 31.00 115.00
101.50 67.50 31.00 115.00
101.50 67.50 31.00 115.00
101.50 67.50 31.00 115.00
101.50 67.50 31.00 115.00
101.50 67.50 31.00 115.00
101.50 67.50 31.00 115.00
101.50 67.50 31.00 115.00
101.50 67.50 31.00 115.00
101.50 67.50 31.00 115.00
101.50 67.50 31.00 115.00
101.50 67.50 31.00 115.00
97.50 67.50 31.00 115.00
97.50 67.50 31.00 115.00
97.50 67.50 31.00 115.00
97.50 67.50 31.00 115.00
97.50 67.50 31.00 115.00
97.50 67.50 31.00 115.00
97.50 67.50 31.00 115.00
97.50 67.50 31.00 115.00
97.50 67.50 31.00 115.00
97.50 67.50 31.00 115.00
97.50 67.50 31.00 115.00
97.50 67.50 31.00 115.00
97.50 67.50 31.00 115.00
97.50 67.50 31.00 115.00
97.50 67.50 31.00 115.00
97.50 67.50 31.00 115.00
97.50 67.50 31.00 115.00
97.50 67.50 31.00 115.00
97.50 67.50 31.00 115.00
97.50 67.50 31.00 115.00
97.50 67.50 31.00 115.00
97.50 67.50 31.00 115.00
97.50 67.50 31.00 115.00
97.50 67.50 31.00 115.00
97.50 67.50 31.00 115.00
97.50 67.50 31.00 115.00
97.50 67.50 31.00 115.00
97.50 67.50 31.00 115.00
97.50 67.50 31.00 115.00
97.50 67.50 31.00 115.00
97.50 67.50 31.00 115.00
97.50 67.50 31.00 115.00
97.50 67.50 31.00 115.00
97.50 67.50 31.00 115.00
97.50 67.50 31.00 115.00
97.50 67.50 31.00 115.00
97.50 67.50 31.00 115.00
97.50 67.50 31.00 115.00
97.50 67.50 31.00 115.00
97.50 67.50 31.00 115.00
97.50 67.50 31.00 115.00
97.50 67.50 31.00 115.00
97.50 67.50 31.00 115.00
97.50 67.50 31.00 115.00
97.50 67.50 31.00 115.00
97.50 67.50 31.00 115.00
97.50 67.50 31.00 115.00
97.50 67.50 31.00 115.00
97.50 67.50 31.00 115.00
97.50 67.50 31.00 115.00
97.50 67.50 31.00 115.00
97.50 67.50 31.00 115.00
97.50 67.50 31.00 115.00
97.50 67.50 31.00 115.00
97.50 67.50 31.00 115.00
97.50 67.50 31.00 115.00
97.50 67.50 31.00 115.00
97.50 67.50 31.00 115.00
97.50 67.50 31.00 115.00
97.50 67.50 31.00 115.00
97.50 67.50 31.00 115.00
97.50 67.50 31.00 115.00
97.50 67.50 31.00 115.00
97.50 67.50 31.00 115.00
97.50 67.50 31.00 115.00
97.50 67.50 31.00 115.00
97.50 67.50 31.00 115.00
97.50 67.50 31.00 115.00
97.50 67.50 31.00 115.00
97.50 67.50 31.00 115.00
97.50 67.50 31.00 115.00
97.50 67.50 31.00 115.00
97.50 67.50 31.00 115.00
97.50 67.50 31.00 115.00
97.50 67.50 31.00 115.00
97.50 67.50 31.00 115.00
