287.50 143.00 35.00 42.00
287.50 143.00 35.00 42.00
291.50 143.00 35.00 42.00
291.50 143.00 35.00 42.00
295.50 143.00 35.00 42.00
295.50 139.00 35.00 42.00
295.50 139.00 35.00 42.00
295.50 139.00 35.00 42.00
295.50 139.00 35.00 42.00
295.50 143.00 35.00 42.00
299.50 143.00 35.00 42.00
299.50 143.00 35.00 42.00
299.50 143.00 35.00 42.00
295.50 143.00 35.00 42.00
295.50 143.00 35.00 42.00
295.50 143.00 35.00 42.00
295.50 143.00 35.00 42.00
295.50 143.00 35.00 42.00
295.50 143.00 35.00 42.00
295.50 143.00 35.00 42.00
295.50 147.00 35.00 42.00
295.50 147.00 35.00 42.00
295.50 147.00 35.00 42.00
295.50 147.00 35.00 42.00
291.50 147.00 35.00 42.00
291.50 147.00 35.00 42.00
291.50 147.00 35.00 42.00
291.50 147.00 35.00 42.00
291.50 151.00 35.00 42.00
291.50 151.00 35.00 42.00
291.50 151.00 35.00 42.00
291.50 151.00 35.00 42.00
291.50 151.00 35.00 42.00
291.50 151.00 35.00 42.00
291.50 151.00 35.00 42.00
291.50 147.00 35.00 42.00
291.50 147.00 35.00 42.00
291.50 147.00 35.00 42.00
291.50 147.00 35.00 42.00
291.50 147.00 35.00 42.00
291.50 147.00 35.00 42.00
295.50 147.00 35.00 42.00
295.50 147.00 35.00 42.00
291.50 147.00 35.00 42.00
291.50 147.00 35.00 42.00
295.50 147.00 35.00 42.00
291.50 147.00 35.00 42.00
291.50 147.00 35.00 42.00
291.50 147.00 35.00 42.00
291.50 151.00 35.00 42.00
291.50 151.00 35.00 42.00
291.50 151.00 35.00 42.00
287.50 151.00 35.00 42.00
287.50 151.00 35.00 42.00
287.50 151.00 35.00 42.00
287.50 151.00 35.00 42.00
287.50 151.00 35.00 42.00
287.50 155.00 35.00 42.00
287.50 155.00 35.00 42.00
287.50 155.00 35.00 42.00
287.50 155.00 35.00 42.00
287.50 155.00 35.00 42.00
287.50 155.00 35.00 42.00
287.50 155.00 35.00 42.00
291.50 155.00 35.00 42.00
291.50 155.00 35.00 42.00
291.50 155.00 35.00 42.00
291.50 155.00 35.00 42.00
291.50 155.00 35.00 42.00
295.50 155.00 35.00 42.00
295.50 155.00 35.00 42.00
295.50 155.00 35.00 42.00
299.50 159.00 35.00 42.00
303.50 159.00 35.00 42.00
303.50 159.00 35.00 42.00
307.50 163.00 35.00 42.00
311.50 167.00 35.00 42.00
315.50 175.00 35.00 42.00
315.50 179.00 35.00 42.00
315.50 187.00 35.00 42.00
315.50 191.00 35.00 42.00
315.50 195.00 35.00 42.00
315.50 199.00 35.00 42.00
311.50 203.00 35.00 42.00
307.50 203.00 35.00 42.00
303.50 203.00 35.00 42.00
299.50 203.00 35.00 42.00
295.50 199.00 35.00 42.00
291.50 191.00 35.00 42.00
287.50 183.00 35.00 42.00
283.50 171.00 35.00 42.00
283.50 163.00 35.00 42.00
279.50 151.00 35.00 42.00
279.50 143.00 35.00 42.00
279.50 139.00 35.00 42.00
283.50 135.00 35.00 42.00
283.50 131.00 35.00 42.00
283.50 131.00 35.00 42.00
287.50 131.00 35.00 42.00
291.50 135.00 35.00 42.00
291.50 143.00 35.00 42.00
295.50 151.00 35.00 42.00
295.50 163.00 35.00 42.00
299.50 175.00 35.00 42.00
299.50 187.00 35.00 42.00
299.50 195.00 35.00 42.00
299.50 199.00 35.00 42.00
295.50 199.00 35.00 42.00
291.50 195.00 35.00 42.00
283.50 191.00 35.00 42.00
279.50 183.00 35.00 42.00
271.50 175.00 35.00 42.00
263.50 167.00 35.00 42.00
255.50 163.00 35.00 42.00
247.50 163.00 35.00 42.00
243.50 163.00 35.00 42.00
239.50 163.00 35.00 42.00
235.50 167.00 35.00 42.00
235.50 171.00 35.00 42.00
235.50 175.00 35.00 42.00
239.50 179.00 35.00 42.00
239.50 179.00 35.00 42.00
247.50 175.00 35.00 42.00
251.50 171.00 35.00 42.00
259.50 163.00 35.00 42.00
267.50 155.00 35.00 42.00
279.50 147.00 35.00 42.00
287.50 143.00 35.00 42.00
295.50 143.00 35.00 42.00
299.50 143.00 35.00 42.00
307.50 143.00 35.00 42.00
311.50 147.00 35.00 42.00
315.50 151.00 35.00 42.00
319.50 159.00 35.00 42.00
323.50 171.00 35.00 42.00
327.50 179.00 35.00 42.00
327.50 187.00 35.00 42.00
327.50 191.00 35.00 42.00
323.50 195.00 35.00 42.00
319.50 191.00 35.00 42.00
315.50 187.00 35.00 42.00
311.50 183.00 35.00 42.00
307.50 171.00 35.00 42.00
299.50 163.00 35.00 42.00
295.50 155.00 35.00 42.00
291.50 147.00 35.00 42.00
287.50 143.00 35.00 42.00
283.50 143.00 35.00 42.00
279.50 143.00 35.00 42.00
275.50 147.00 35.00 42.00
275.50 151.00 35.00 42.00
271.50 159.00 35.00 42.00
271.50 167.00 35.00 42.00
271.50 171.00 35.00 42.00
267.50 175.00 35.00 42.00
267.50 175.00 35.00 42.00
263.50 171.00 35.00 42.00
263.50 171.00 35.00 42.00
263.50 167.00 35.00 42.00
259.50 163.00 35.00 42.00
255.50 159.00 35.00 42.00
255.50 155.00 35.00 42.00
255.50 155.00 35.00 42.00
255.50 155.00 35.00 42.00
259.50 155.00 35.00 42.00
259.50 159.00 35.00 42.00
263.50 167.00 35.00 42.00
263.50 171.00 35.00 42.00
263.50 179.00 35.00 42.00
263.50 183.00 35.00 42.00
263.50 191.00 35.00 42.00
267.50 191.00 35.00 42.00
267.50 187.00 35.00 42.00
263.50 183.00 35.00 42.00
263.50 175.00 35.00 42.00
267.50 171.00 35.00 42.00
267.50 167.00 35.00 42.00
271.50 163.00 35.00 42.00
275.50 163.00 35.00 42.00
279.50 163.00 35.00 42.00
287.50 163.00 35.00 42.00
295.50 167.00 35.00 42.00
303.50 167.00 35.00 42.00
307.50 171.00 35.00 42.00
311.50 171.00 35.00 42.00
311.50 171.00 35.00 42.00
311.50 171.00 35.00 42.00
307.50 171.00 35.00 42.00
303.50 171.00 35.00 42.00
299.50 175.00 35.00 42.00
295.50 179.00 35.00 42.00
295.50 187.00 35.00 42.00
291.50 195.00 35.00 42.00
287.50 203.00 35.00 42.00
283.50 207.00 35.00 42.00
275.50 211.00 35.00 42.00
267.50 207.00 35.00 42.00
263.50 199.00 35.00 42.00
263.50 191.00 35.00 42.00
263.50 179.00 35.00 42.00
267.50 175.00 35.00 42.00
275.50 171.00 35.00 42.00
283.50 171.00 35.00 42.00
291.50 171.00 35.00 42.00
299.50 175.00 35.00 42.00
307.50 183.00 35.00 42.00
311.50 191.00 35.00 42.00
315.50 199.00 35.00 42.00
315.50 203.00 35.00 42.00
311.50 203.00 35.00 42.00
307.50 203.00 35.00 42.00
299.50 199.00 35.00 42.00
291.50 191.00 35.00 42.00
279.50 187.00 35.00 42.00
271.50 187.00 35.00 42.00
263.50 183.00 35.00 42.00
259.50 187.00 35.00 42.00
259.50 187.00 35.00 42.00
259.50 191.00 35.00 42.00
259.50 191.00 35.00 42.00
263.50 187.00 35.00 42.00
267.50 183.00 35.00 42.00
275.50 175.00 35.00 42.00
279.50 175.00 35.00 42.00
283.50 175.00 35.00 42.00
283.50 179.00 35.00 42.00
283.50 179.00 35.00 42.00
283.50 183.00 35.00 42.00
283.50 183.00 35.00 42.00
283.50 183.00 35.00 42.00
283.50 183.00 35.00 42.00
279.50 179.00 35.00 42.00
271.50 171.00 35.00 42.00
267.50 163.00 35.00 42.00
263.50 159.00 35.00 42.00
259.50 155.00 35.00 42.00
255.50 155.00 35.00 42.00
251.50 155.00 35.00 42.00
247.50 155.00 35.00 42.00
243.50 159.00 35.00 42.00
239.50 163.00 35.00 42.00
239.50 167.00 35.00 42.00
239.50 171.00 35.00 42.00
239.50 175.00 35.00 42.00
243.50 171.00 35.00 42.00
243.50 167.00 35.00 42.00
247.50 163.00 35.00 42.00
251.50 159.00 35.00 42.00
259.50 155.00 35.00 42.00
263.50 151.00 35.00 42.00
271.50 151.00 35.00 42.00
275.50 151.00 35.00 42.00
279.50 151.00 35.00 42.00
283.50 151.00 35.00 42.00
283.50 151.00 35.00 42.00
283.50 155.00 35.00 42.00
279.50 155.00 35.00 42.00
271.50 151.00 35.00 42.00
267.50 147.00 35.00 42.00
259.50 139.00 35.00 42.00
255.50 135.00 35.00 42.00
247.50 131.00 35.00 42.00
239.50 127.00 35.00 42.00
227.50 131.00 35.00 42.00
211.50 139.00 35.00 42.00
195.50 147.00 35.00 42.00
179.50 159.00 35.00 42.00
167.50 175.00 35.00 42.00
159.50 187.00 35.00 42.00
163.50 195.00 35.00 42.00
163.50 203.00 35.00 42.00
163.50 207.00 35.00 42.00
167.50 203.00 35.00 42.00
167.50 195.00 35.00 42.00
171.50 191.00 35.00 42.00
171.50 183.00 35.00 42.00
179.50 179.00 35.00 42.00
183.50 179.00 35.00 42.00
187.50 179.00 35.00 42.00
191.50 183.00 35.00 42.00
195.50 187.00 35.00 42.00
199.50 195.00 35.00 42.00
199.50 199.00 35.00 42.00
203.50 203.00 35.00 42.00
207.50 211.00 35.00 42.00
211.50 215.00 35.00 42.00
207.50 219.00 35.00 42.00
199.50 223.00 35.00 42.00
199.50 219.00 35.00 42.00
199.50 215.00 35.00 42.00
199.50 211.00 35.00 42.00
199.50 207.00 35.00 42.00
199.50 207.00 35.00 42.00
203.50 207.00 35.00 42.00
203.50 211.00 35.00 42.00
203.50 215.00 35.00 42.00
199.50 219.00 35.00 42.00
199.50 223.00 35.00 42.00
199.50 223.00 35.00 42.00
199.50 219.00 35.00 42.00
199.50 215.00 35.00 42.00
199.50 207.00 35.00 42.00
199.50 199.00 35.00 42.00
199.50 195.00 35.00 42.00
199.50 195.00 35.00 42.00
195.50 195.00 35.00 42.00
195.50 195.00 35.00 42.00
195.50 195.00 35.00 42.00
195.50 199.00 35.00 42.00
195.50 203.00 35.00 42.00
195.50 207.00 35.00 42.00
195.50 207.00 35.00 42.00
199.50 203.00 35.00 42.00
199.50 199.00 35.00 42.00
199.50 195.00 35.00 42.00
199.50 195.00 35.00 42.00
199.50 195.00 35.00 42.00
199.50 195.00 35.00 42.00
199.50 199.00 35.00 42.00
199.50 203.00 35.00 42.00
199.50 207.00 35.00 42.00
199.50 215.00 35.00 42.00
199.50 219.00 35.00 42.00
195.50 223.00 35.00 42.00
195.50 223.00 35.00 42.00
199.50 219.00 35.00 42.00
199.50 211.00 35.00 42.00
195.50 203.00 35.00 42.00
191.50 195.00 35.00 42.00
191.50 191.00 35.00 42.00
183.50 187.00 35.00 42.00
179.50 187.00 35.00 42.00
179.50 187.00 35.00 42.00
175.50 187.00 35.00 42.00
171.50 191.00 35.00 42.00
167.50 195.00 35.00 42.00
167.50 203.00 35.00 42.00
167.50 211.00 35.00 42.00
167.50 215.00 35.00 42.00
167.50 215.00 35.00 42.00
171.50 211.00 35.00 42.00
171.50 207.00 35.00 42.00
171.50 207.00 35.00 42.00
175.50 207.00 35.00 42.00
179.50 207.00 35.00 42.00
183.50 211.00 35.00 42.00
187.50 215.00 35.00 42.00
195.50 219.00 35.00 42.00
207.50 223.00 35.00 42.00
219.50 227.00 35.00 42.00
227.50 231.00 35.00 42.00
239.50 227.00 35.00 42.00
251.50 219.00 35.00 42.00
255.50 207.00 35.00 42.00
263.50 199.00 35.00 42.00
271.50 191.00 35.00 42.00
279.50 187.00 35.00 42.00
287.50 187.00 35.00 42.00
291.50 187.00 35.00 42.00
291.50 191.00 35.00 42.00
291.50 199.00 35.00 42.00
287.50 207.00 35.00 42.00
283.50 219.00 35.00 42.00
275.50 227.00 35.00 42.00
267.50 231.00 35.00 42.00
251.50 231.00 35.00 42.00
235.50 231.00 35.00 42.00
219.50 235.00 35.00 42.00
207.50 239.00 35.00 42.00
195.50 243.00 35.00 42.00
191.50 243.00 35.00 42.00
183.50 243.00 35.00 42.00
175.50 247.00 35.00 42.00
163.50 239.00 35.00 42.00
155.50 231.00 35.00 42.00
155.50 219.00 35.00 42.00
159.50 207.00 35.00 42.00
167.50 195.00 35.00 42.00
175.50 195.00 35.00 42.00
187.50 195.00 35.00 42.00
195.50 203.00 35.00 42.00
207.50 211.00 35.00 42.00
219.50 219.00 35.00 42.00
231.50 231.00 35.00 42.00
247.50 243.00 35.00 42.00
259.50 251.00 35.00 42.00
275.50 255.00 35.00 42.00
287.50 255.00 35.00 42.00
299.50 251.00 35.00 42.00
315.50 243.00 35.00 42.00
327.50 239.00 35.00 42.00
343.50 235.00 35.00 42.00
355.50 231.00 35.00 42.00
367.50 231.00 35.00 42.00
371.50 231.00 35.00 42.00
371.50 231.00 35.00 42.00
367.50 235.00 35.00 42.00
359.50 239.00 35.00 42.00
343.50 243.00 35.00 42.00
327.50 251.00 35.00 42.00
307.50 255.00 35.00 42.00
287.50 259.00 35.00 42.00
267.50 259.00 35.00 42.00
251.50 251.00 35.00 42.00
235.50 243.00 35.00 42.00
219.50 239.00 35.00 42.00
207.50 235.00 35.00 42.00
199.50 231.00 35.00 42.00
195.50 223.00 35.00 42.00
195.50 219.00 35.00 42.00
195.50 219.00 35.00 42.00
199.50 219.00 35.00 42.00
203.50 219.00 35.00 42.00
211.50 219.00 35.00 42.00
219.50 219.00 35.00 42.00
231.50 219.00 35.00 42.00
247.50 215.00 35.00 42.00
255.50 207.00 35.00 42.00
263.50 203.00 35.00 42.00
271.50 199.00 35.00 42.00
283.50 191.00 35.00 42.00
291.50 191.00 35.00 42.00
295.50 191.00 35.00 42.00
303.50 195.00 35.00 42.00
311.50 203.00 35.00 42.00
319.50 211.00 35.00 42.00
323.50 219.00 35.00 42.00
331.50 231.00 35.00 42.00
335.50 239.00 35.00 42.00
339.50 239.00 35.00 42.00
343.50 239.00 35.00 42.00
347.50 231.00 35.00 42.00
351.50 227.00 35.00 42.00
351.50 219.00 35.00 42.00
347.50 215.00 35.00 42.00
347.50 211.00 35.00 42.00
339.50 211.00 35.00 42.00
335.50 211.00 35.00 42.00
327.50 215.00 35.00 42.00
315.50 219.00 35.00 42.00
303.50 227.00 35.00 42.00
295.50 239.00 35.00 42.00
283.50 243.00 35.00 42.00
271.50 243.00 35.00 42.00
259.50 239.00 35.00 42.00
247.50 235.00 35.00 42.00
235.50 227.00 35.00 42.00
227.50 223.00 35.00 42.00
215.50 219.00 35.00 42.00
207.50 215.00 35.00 42.00
199.50 211.00 35.00 42.00
191.50 211.00 35.00 42.00
183.50 211.00 35.00 42.00
183.50 211.00 35.00 42.00
183.50 207.00 35.00 42.00
187.50 199.00 35.00 42.00
195.50 191.00 35.00 42.00
207.50 179.00 35.00 42.00
219.50 175.00 35.00 42.00
235.50 171.00 35.00 42.00
251.50 175.00 35.00 42.00
263.50 179.00 35.00 42.00
275.50 183.00 35.00 42.00
283.50 187.00 35.00 42.00
287.50 195.00 35.00 42.00
291.50 203.00 35.00 42.00
291.50 207.00 35.00 42.00
291.50 207.00 35.00 42.00
287.50 199.00 35.00 42.00
283.50 191.00 35.00 42.00
279.50 183.00 35.00 42.00
279.50 175.00 35.00 42.00
275.50 171.00 35.00 42.00
267.50 171.00 35.00 42.00
263.50 171.00 35.00 42.00
263.50 175.00 35.00 42.00
263.50 179.00 35.00 42.00
267.50 187.00 35.00 42.00
275.50 195.00 35.00 42.00
275.50 203.00 35.00 42.00
279.50 211.00 35.00 42.00
279.50 215.00 35.00 42.00
279.50 211.00 35.00 42.00
283.50 207.00 35.00 42.00
287.50 195.00 35.00 42.00
291.50 183.00 35.00 42.00
291.50 171.00 35.00 42.00
287.50 163.00 35.00 42.00
287.50 155.00 35.00 42.00
287.50 147.00 35.00 42.00
287.50 143.00 35.00 42.00
283.50 139.00 35.00 42.00
275.50 139.00 35.00 42.00
267.50 139.00 35.00 42.00
263.50 143.00 35.00 42.00
255.50 147.00 35.00 42.00
251.50 151.00 35.00 42.00
247.50 155.00 35.00 42.00
243.50 159.00 35.00 42.00
235.50 167.00 35.00 42.00
227.50 171.00 35.00 42.00
223.50 179.00 35.00 42.00
215.50 187.00 35.00 42.00
215.50 195.00 35.00 42.00
211.50 199.00 35.00 42.00
211.50 199.00 35.00 42.00
215.50 195.00 35.00 42.00
223.50 187.00 35.00 42.00
231.50 175.00 35.00 42.00
235.50 163.00 35.00 42.00
239.50 151.00 35.00 42.00
235.50 139.00 35.00 42.00
235.50 131.00 35.00 42.00
235.50 127.00 35.00 42.00
235.50 123.00 35.00 42.00
235.50 127.00 35.00 42.00
231.50 131.00 35.00 42.00
227.50 139.00 35.00 42.00
227.50 147.00 35.00 42.00
227.50 159.00 35.00 42.00
231.50 171.00 35.00 42.00
231.50 183.00 35.00 42.00
235.50 187.00 35.00 42.00
235.50 191.00 35.00 42.00
231.50 191.00 35.00 42.00
227.50 191.00 35.00 42.00
219.50 183.00 35.00 42.00
215.50 175.00 35.00 42.00
211.50 171.00 35.00 42.00
203.50 171.00 35.00 42.00
199.50 171.00 35.00 42.00
195.50 175.00 35.00 42.00
195.50 179.00 35.00 42.00
195.50 183.00 35.00 42.00
191.50 187.00 35.00 42.00
191.50 195.00 35.00 42.00
195.50 199.00 35.00 42.00
195.50 195.00 35.00 42.00
195.50 191.00 35.00 42.00
199.50 183.00 35.00 42.00
203.50 175.00 35.00 42.00
207.50 167.00 35.00 42.00
211.50 163.00 35.00 42.00
215.50 163.00 35.00 42.00
215.50 167.00 35.00 42.00
219.50 171.00 35.00 42.00
223.50 175.00 35.00 42.00
223.50 179.00 35.00 42.00
227.50 187.00 35.00 42.00
227.50 195.00 35.00 42.00
227.50 203.00 35.00 42.00
223.50 211.00 35.00 42.00
215.50 215.00 35.00 42.00
215.50 215.00 35.00 42.00
211.50 211.00 35.00 42.00
211.50 203.00 35.00 42.00
211.50 191.00 35.00 42.00
211.50 179.00 35.00 42.00
211.50 167.00 35.00 42.00
207.50 159.00 35.00 42.00
203.50 155.00 35.00 42.00
199.50 151.00 35.00 42.00
195.50 147.00 35.00 42.00
195.50 147.00 35.00 42.00
195.50 151.00 35.00 42.00
191.50 155.00 35.00 42.00
191.50 163.00 35.00 42.00
195.50 171.00 35.00 42.00
199.50 179.00 35.00 42.00
203.50 187.00 35.00 42.00
207.50 195.00 35.00 42.00
211.50 199.00 35.00 42.00
211.50 199.00 35.00 42.00
215.50 191.00 35.00 42.00
223.50 179.00 35.00 42.00
227.50 167.00 35.00 42.00
231.50 155.00 35.00 42.00
235.50 143.00 35.00 42.00
243.50 135.00 35.00 42.00
247.50 127.00 35.00 42.00
251.50 119.00 35.00 42.00
255.50 119.00 35.00 42.00
263.50 115.00 35.00 42.00
267.50 111.00 35.00 42.00
267.50 115.00 35.00 42.00
267.50 119.00 35.00 42.00
267.50 127.00 35.00 42.00
267.50 143.00 35.00 42.00
263.50 155.00 35.00 42.00
263.50 171.00 35.00 42.00
259.50 179.00 35.00 42.00
255.50 183.00 35.00 42.00
251.50 179.00 35.00 42.00
251.50 171.00 35.00 42.00
247.50 163.00 35.00 42.00
243.50 155.00 35.00 42.00
243.50 147.00 35.00 42.00
247.50 143.00 35.00 42.00
251.50 139.00 35.00 42.00
255.50 135.00 35.00 42.00
259.50 135.00 35.00 42.00
263.50 139.00 35.00 42.00
