212.50 120.50 21.00 95.00
212.50 120.50 21.00 95.00
212.50 116.50 21.00 95.00
208.50 116.50 21.00 95.00
208.50 112.50 21.00 95.00
208.50 112.50 21.00 95.00
208.50 112.50 21.00 95.00
208.50 112.50 21.00 95.00
208.50 108.50 21.00 95.00
208.50 108.50 21.00 95.00
208.50 108.50 21.00 95.00
212.50 108.50 21.00 95.00
216.50 108.50 21.00 95.00
216.50 108.50 21.00 95.00
216.50 108.50 21.00 95.00
216.50 108.50 21.00 95.00
216.50 108.50 21.00 95.00
216.50 108.50 21.00 95.00
212.50 108.50 21.00 95.00
212.50 104.50 21.00 95.00
212.50 104.50 21.00 95.00
212.50 104.50 21.00 95.00
212.50 104.50 21.00 95.00
216.50 100.50 21.00 95.00
216.50 100.50 21.00 95.00
216.50 100.50 21.00 95.00
216.50 104.50 21.00 95.00
216.50 100.50 21.00 95.00
216.50 100.50 21.00 95.00
216.50 100.50 21.00 95.00
216.50 96.50 21.00 95.00
216.50 96.50 21.00 95.00
216.50 96.50 21.00 95.00
220.50 96.50 21.00 95.00
220.50 96.50 21.00 95.00
220.50 96.50 21.00 95.00
220.50 96.50 21.00 95.00
220.50 96.50 21.00 95.00
220.50 96.50 21.00 95.00
220.50 96.50 21.00 95.00
220.50 96.50 21.00 95.00
220.50 100.50 21.00 95.00
220.50 104.50 21.00 95.00
220.50 104.50 21.00 95.00
224.50 108.50 21.00 95.00
224.50 108.50 21.00 95.00
220.50 108.50 21.00 95.00
220.50 112.50 21.00 95.00
220.50 112.50 21.00 95.00
216.50 112.50 21.00 95.00
216.50 112.50 21.00 95.00
212.50 112.50 21.00 95.00
208.50 108.50 21.00 95.00
204.50 108.50 21.00 95.00
200.50 104.50 21.00 95.00
196.50 104.50 21.00 95.00
196.50 100.50 21.00 95.00
196.50 100.50 21.00 95.00
196.50 104.50 21.00 95.00
196.50 108.50 21.00 95.00
200.50 108.50 21.00 95.00
200.50 108.50 21.00 95.00
200.50 112.50 21.00 95.00
204.50 112.50 21.00 95.00
204.50 112.50 21.00 95.00
204.50 112.50 21.00 95.00
200.50 108.50 21.00 95.00
200.50 108.50 21.00 95.00
204.50 108.50 21.00 95.00
204.50 108.50 21.00 95.00
212.50 108.50 21.00 95.00
220.50 104.50 21.00 95.00
224.50 100.50 21.00 95.00
224.50 100.50 21.00 95.00
220.50 100.50 21.00 95.00
216.50 96.50 21.00 95.00
212.50 96.50 21.00 95.00
204.50 100.50 21.00 95.00
200.50 96.50 21.00 95.00
196.50 96.50 21.00 95.00
196.50 88.50 21.00 95.00
196.50 84.50 21.00 95.00
196.50 76.50 21.00 95.00
200.50 72.50 21.00 95.00
200.50 72.50 21.00 95.00
200.50 68.50 21.00 95.00
204.50 68.50 21.00 95.00
204.50 68.50 21.00 95.00
204.50 72.50 21.00 95.00
204.50 76.50 21.00 95.00
204.50 84.50 21.00 95.00
204.50 88.50 21.00 95.00
204.50 92.50 21.00 95.00
204.50 96.50 21.00 95.00
204.50 100.50 21.00 95.00
208.50 100.50 21.00 95.00
208.50 104.50 21.00 95.00
208.50 108.50 21.00 95.00
208.50 116.50 21.00 95.00
208.50 120.50 21.00 95.00
204.50 120.50 21.00 95.00
204.50 124.50 21.00 95.00
204.50 128.50 21.00 95.00
204.50 128.50 21.00 95.00
204.50 128.50 21.00 95.00
204.50 128.50 21.00 95.00
204.50 128.50 21.00 95.00
204.50 128.50 21.00 95.00
204.50 124.50 21.00 95.00
204.50 124.50 21.00 95.00
204.50 120.50 21.00 95.00
204.50 120.50 21.00 95.00
204.50 116.50 21.00 95.00
204.50 116.50 21.00 95.00
204.50 112.50 21.00 95.00
204.50 112.50 21.00 95.00
208.50 112.50 21.00 95.00
208.50 112.50 21.00 95.00
208.50 112.50 21.00 95.00
208.50 116.50 21.00 95.00
208.50 116.50 21.00 95.00
208.50 116.50 21.00 95.00
208.50 116.50 21.00 95.00
208.50 120.50 21.00 95.00
212.50 120.50 21.00 95.00
212.50 120.50 21.00 95.00
212.50 120.50 21.00 95.00
216.50 120.50 21.00 95.00
216.50 120.50 21.00 95.00
220.50 120.50 21.00 95.00
220.50 124.50 21.00 95.00
224.50 124.50 21.00 95.00
224.50 124.50 21.00 95.00
224.50 124.50 21.00 95.00
224.50 128.50 21.00 95.00
224.50 128.50 21.00 95.00
224.50 128.50 21.00 95.00
228.50 128.50 21.00 95.00
228.50 128.50 21.00 95.00
232.50 124.50 21.00 95.00
232.50 124.50 21.00 95.00
232.50 124.50 21.00 95.00
232.50 120.50 21.00 95.00
232.50 120.50 21.00 95.00
232.50 120.50 21.00 95.00
232.50 120.50 21.00 95.00
232.50 116.50 21.00 95.00
232.50 116.50 21.00 95.00
232.50 116.50 21.00 95.00
232.50 116.50 21.00 95.00
232.50 112.50 21.00 95.00
232.50 112.50 21.00 95.00
232.50 112.50 21.00 95.00
232.50 108.50 21.00 95.00
232.50 108.50 21.00 95.00
232.50 108.50 21.00 95.00
232.50 108.50 21.00 95.00
232.50 108.50 21.00 95.00
232.50 108.50 21.00 95.00
232.50 108.50 21.00 95.00
232.50 108.50 21.00 95.00
232.50 108.50 21.00 95.00
236.50 104.50 21.00 95.00
236.50 104.50 21.00 95.00
236.50 104.50 21.00 95.00
236.50 104.50 21.00 95.00
236.50 104.50 21.00 95.00
236.50 104.50 21.00 95.00
236.50 104.50 21.00 95.00
236.50 104.50 21.00 95.00
236.50 104.50 21.00 95.00
232.50 104.50 21.00 95.00
232.50 104.50 21.00 95.00
228.50 104.50 21.00 95.00
228.50 104.50 21.00 95.00
224.50 104.50 21.00 95.00
224.50 104.50 21.00 95.00
220.50 104.50 21.00 95.00
220.50 104.50 21.00 95.00
220.50 104.50 21.00 95.00
220.50 100.50 21.00 95.00
220.50 100.50 21.00 95.00
216.50 100.50 21.00 95.00
216.50 100.50 21.00 95.00
216.50 100.50 21.00 95.00
216.50 100.50 21.00 95.00
216.50 100.50 21.00 95.00
216.50 100.50 21.00 95.00
216.50 100.50 21.00 95.00
216.50 100.50 21.00 95.00
216.50 104.50 21.00 95.00
216.50 104.50 21.00 95.00
216.50 104.50 21.00 95.00
216.50 108.50 21.00 95.00
216.50 104.50 21.00 95.00
216.50 104.50 21.00 95.00
216.50 104.50 21.00 95.00
216.50 104.50 21.00 95.00
216.50 104.50 21.00 95.00
216.50 104.50 21.00 95.00
216.50 104.50 21.00 95.00
216.50 104.50 21.00 95.00
216.50 104.50 21.00 95.00
212.50 104.50 21.00 95.00
212.50 104.50 21.00 95.00
212.50 104.50 21.00 95.00
208.50 108.50 21.00 95.00
208.50 108.50 21.00 95.00
208.50 108.50 21.00 95.00
208.50 108.50 21.00 95.00
208.50 108.50 21.00 95.00
208.50 112.50 21.00 95.00
208.50 116.50 21.00 95.00
208.50 120.50 21.00 95.00
208.50 124.50 21.00 95.00
208.50 128.50 21.00 95.00
208.50 128.50 21.00 95.00
208.50 132.50 21.00 95.00
208.50 132.50 21.00 95.00
208.50 132.50 21.00 95.00
208.50 132.50 21.00 95.00
208.50 132.50 21.00 95.00
208.50 136.50 21.00 95.00
208.50 136.50 21.00 95.00
208.50 136.50 21.00 95.00
208.50 136.50 21.00 95.00
208.50 136.50 21.00 95.00
208.50 136.50 21.00 95.00
208.50 136.50 21.00 95.00
208.50 136.50 21.00 95.00
208.50 136.50 21.00 95.00
204.50 136.50 21.00 95.00
204.50 136.50 21.00 95.00
204.50 132.50 21.00 95.00
200.50 132.50 21.00 95.00
200.50 132.50 21.00 95.00
196.50 132.50 21.00 95.00
196.50 132.50 21.00 95.00
196.50 132.50 21.00 95.00
196.50 132.50 21.00 95.00
196.50 132.50 21.00 95.00
196.50 132.50 21.00 95.00
196.50 132.50 21.00 95.00
196.50 132.50 21.00 95.00
200.50 132.50 21.00 95.00
200.50 132.50 21.00 95.00
204.50 132.50 21.00 95.00
208.50 132.50 21.00 95.00
208.50 132.50 21.00 95.00
212.50 132.50 21.00 95.00
212.50 132.50 21.00 95.00
212.50 132.50 21.00 95.00
212.50 132.50 21.00 95.00
212.50 128.50 21.00 95.00
212.50 128.50 21.00 95.00
212.50 124.50 21.00 95.00
212.50 124.50 21.00 95.00
212.50 120.50 21.00 95.00
212.50 120.50 21.00 95.00
212.50 120.50 21.00 95.00
212.50 120.50 21.00 95.00
212.50 120.50 21.00 95.00
212.50 120.50 21.00 95.00
212.50 120.50 21.00 95.00
212.50 116.50 21.00 95.00
208.50 116.50 21.00 95.00
208.50 120.50 21.00 95.00
208.50 120.50 21.00 95.00
208.50 120.50 21.00 95.00
204.50 120.50 21.00 95.00
204.50 120.50 21.00 95.00
204.50 120.50 21.00 95.00
204.50 120.50 21.00 95.00
204.50 120.50 21.00 95.00
200.50 120.50 21.00 95.00
200.50 120.50 21.00 95.00
196.50 120.50 21.00 95.00
192.50 120.50 21.00 95.00
192.50 120.50 21.00 95.00
192.50 116.50 21.00 95.00
188.50 116.50 21.00 95.00
188.50 116.50 21.00 95.00
188.50 112.50 21.00 95.00
184.50 112.50 21.00 95.00
184.50 108.50 21.00 95.00
180.50 108.50 21.00 95.00
180.50 104.50 21.00 95.00
180.50 104.50 21.00 95.00
180.50 104.50 21.00 95.00
176.50 104.50 21.00 95.00
172.50 100.50 21.00 95.00
172.50 100.50 21.00 95.00
172.50 96.50 21.00 95.00
172.50 92.50 21.00 95.00
172.50 92.50 21.00 95.00
172.50 92.50 21.00 95.00
172.50 88.50 21.00 95.00
168.50 88.50 21.00 95.00
168.50 88.50 21.00 95.00
164.50 88.50 21.00 95.00
164.50 88.50 21.00 95.00
160.50 88.50 21.00 95.00
160.50 88.50 21.00 95.00
160.50 84.50 21.00 95.00
160.50 84.50 21.00 95.00
156.50 84.50 21.00 95.00
156.50 84.50 21.00 95.00
156.50 84.50 21.00 95.00
156.50 84.50 21.00 95.00
152.50 84.50 21.00 95.00
152.50 88.50 21.00 95.00
148.50 88.50 21.00 95.00
148.50 88.50 21.00 95.00
144.50 92.50 21.00 95.00
144.50 88.50 21.00 95.00
144.50 88.50 21.00 95.00
144.50 88.50 21.00 95.00
144.50 88.50 21.00 95.00
144.50 88.50 21.00 95.00
144.50 88.50 21.00 95.00
140.50 88.50 21.00 95.00
140.50 88.50 21.00 95.00
140.50 88.50 21.00 95.00
140.50 88.50 21.00 95.00
136.50 88.50 21.00 95.00
136.50 88.50 21.00 95.00
136.50 88.50 21.00 95.00
136.50 88.50 21.00 95.00
136.50 88.50 21.00 95.00
136.50 88.50 21.00 95.00
136.50 88.50 21.00 95.00
140.50 88.50 21.00 95.00
140.50 92.50 21.00 95.00
140.50 96.50 21.00 95.00
140.50 100.50 21.00 95.00
144.50 104.50 21.00 95.00
144.50 104.50 21.00 95.00
148.50 104.50 21.00 95.00
152.50 104.50 21.00 95.00
160.50 104.50 21.00 95.00
168.50 100.50 21.00 95.00
172.50 100.50 21.00 95.00
172.50 100.50 21.00 95.00
172.50 100.50 21.00 95.00
172.50 100.50 21.00 95.00
168.50 100.50 21.00 95.00
168.50 100.50 21.00 95.00
164.50 100.50 21.00 95.00
160.50 100.50 21.00 95.00
156.50 104.50 21.00 95.00
152.50 104.50 21.00 95.00
152.50 100.50 21.00 95.00
148.50 100.50 21.00 95.00
148.50 100.50 21.00 95.00
148.50 100.50 21.00 95.00
148.50 100.50 21.00 95.00
148.50 100.50 21.00 95.00
148.50 100.50 21.00 95.00
148.50 100.50 21.00 95.00
148.50 100.50 21.00 95.00
144.50 100.50 21.00 95.00
144.50 96.50 21.00 95.00
144.50 96.50 21.00 95.00
144.50 92.50 21.00 95.00
144.50 88.50 21.00 95.00
144.50 88.50 21.00 95.00
148.50 88.50 21.00 95.00
152.50 92.50 21.00 95.00
156.50 92.50 21.00 95.00
160.50 96.50 21.00 95.00
164.50 100.50 21.00 95.00
164.50 104.50 21.00 95.00
164.50 108.50 21.00 95.00
164.50 112.50 21.00 95.00
164.50 112.50 21.00 95.00
164.50 116.50 21.00 95.00
164.50 116.50 21.00 95.00
164.50 116.50 21.00 95.00
164.50 120.50 21.00 95.00
164.50 120.50 21.00 95.00
164.50 120.50 21.00 95.00
164.50 120.50 21.00 95.00
160.50 124.50 21.00 95.00
156.50 124.50 21.00 95.00
156.50 120.50 21.00 95.00
156.50 120.50 21.00 95.00
156.50 116.50 21.00 95.00
156.50 108.50 21.00 95.00
156.50 104.50 21.00 95.00
156.50 100.50 21.00 95.00
160.50 96.50 21.00 95.00
164.50 92.50 21.00 95.00
164.50 88.50 21.00 95.00
168.50 84.50 21.00 95.00
172.50 84.50 21.00 95.00
172.50 84.50 21.00 95.00
172.50 88.50 21.00 95.00
172.50 88.50 21.00 95.00
172.50 88.50 21.00 95.00
168.50 92.50 21.00 95.00
164.50 100.50 21.00 95.00
160.50 100.50 21.00 95.00
156.50 104.50 21.00 95.00
152.50 108.50 21.00 95.00
148.50 112.50 21.00 95.00
144.50 116.50 21.00 95.00
144.50 120.50 21.00 95.00
140.50 120.50 21.00 95.00
140.50 120.50 21.00 95.00
140.50 120.50 21.00 95.00
144.50 120.50 21.00 95.00
144.50 116.50 21.00 95.00
148.50 116.50 21.00 95.00
148.50 116.50 21.00 95.00
148.50 112.50 21.00 95.00
152.50 108.50 21.00 95.00
156.50 108.50 21.00 95.00
156.50 104.50 21.00 95.00
156.50 104.50 21.00 95.00
160.50 100.50 21.00 95.00
160.50 100.50 21.00 95.00
160.50 96.50 21.00 95.00
160.50 96.50 21.00 95.00
160.50 92.50 21.00 95.00
160.50 92.50 21.00 95.00
160.50 92.50 21.00 95.00
160.50 92.50 21.00 95.00
160.50 88.50 21.00 95.00
160.50 92.50 21.00 95.00
156.50 92.50 21.00 95.00
156.50 92.50 21.00 95.00
152.50 92.50 21.00 95.00
152.50 92.50 21.00 95.00
148.50 92.50 21.00 95.00
148.50 88.50 21.00 95.00
144.50 88.50 21.00 95.00
144.50 88.50 21.00 95.00
144.50 88.50 21.00 95.00
144.50 88.50 21.00 95.00
144.50 84.50 21.00 95.00
144.50 84.50 21.00 95.00
144.50 80.50 21.00 95.00
144.50 76.50 21.00 95.00
148.50 76.50 21.00 95.00
148.50 76.50 21.00 95.00
148.50 76.50 21.00 95.00
148.50 76.50 21.00 95.00
152.50 76.50 21.00 95.00
156.50 76.50 21.00 95.00
160.50 76.50 21.00 95.00
164.50 80.50 21.00 95.00
164.50 84.50 21.00 95.00
164.50 88.50 21.00 95.00
164.50 92.50 21.00 95.00
164.50 96.50 21.00 95.00
164.50 100.50 21.00 95.00
164.50 100.50 21.00 95.00
164.50 100.50 21.00 95.00
164.50 100.50 21.00 95.00
164.50 100.50 21.00 95.00
164.50 104.50 21.00 95.00
164.50 104.50 21.00 95.00
164.50 104.50 21.00 95.00
164.50 108.50 21.00 95.00
160.50 112.50 21.00 95.00
160.50 112.50 21.00 95.00
156.50 116.50 21.00 95.00
156.50 116.50 21.00 95.00
156.50 116.50 21.00 95.00
152.50 120.50 21.00 95.00
152.50 120.50 21.00 95.00
152.50 120.50 21.00 95.00
152.50 120.50 21.00 95.00
152.50 120.50 21.00 95.00
152.50 120.50 21.00 95.00
152.50 120.50 21.00 95.00
152.50 120.50 21.00 95.00
152.50 120.50 21.00 95.00
152.50 120.50 21.00 95.00
152.50 120.50 21.00 95.00
152.50 116.50 21.00 95.00
152.50 112.50 21.00 95.00
152.50 112.50 21.00 95.00
152.50 112.50 21.00 95.00
152.50 108.50 21.00 95.00
152.50 104.50 21.00 95.00
152.50 104.50 21.00 95.00
156.50 100.50 21.00 95.00
156.50 100.50 21.00 95.00
160.50 96.50 21.00 95.00
164.50 96.50 21.00 95.00
164.50 92.50 21.00 95.00
164.50 92.50 21.00 95.00
164.50 88.50 21.00 95.00
164.50 88.50 21.00 95.00
164.50 88.50 21.00 95.00
164.50 88.50 21.00 95.00
164.50 88.50 21.00 95.00
164.50 88.50 21.00 95.00
164.50 88.50 21.00 95.00
164.50 88.50 21.00 95.00
164.50 88.50 21.00 95.00
164.50 88.50 21.00 95.00
168.50 88.50 21.00 95.00
168.50 88.50 21.00 95.00
168.50 88.50 21.00 95.00
168.50 84.50 21.00 95.00
168.50 84.50 21.00 95.00
164.50 84.50 21.00 95.00
164.50 84.50 21.00 95.00
164.50 84.50 21.00 95.00
160.50 84.50 21.00 95.00
160.50 84.50 21.00 95.00
156.50 84.50 21.00 95.00
156.50 84.50 21.00 95.00
152.50 84.50 21.00 95.00
148.50 84.50 21.00 95.00
144.50 84.50 21.00 95.00
144.50 84.50 21.00 95.00
140.50 84.50 21.00 95.00
140.50 80.50 21.00 95.00
136.50 80.50 21.00 95.00
136.50 80.50 21.00 95.00
136.50 80.50 21.00 95.00
136.50 80.50 21.00 95.00
132.50 80.50 21.00 95.00
132.50 80.50 21.00 95.00
132.50 80.50 21.00 95.00
132.50 80.50 21.00 95.00
132.50 80.50 21.00 95.00
132.50 80.50 21.00 95.00
132.50 80.50 21.00 95.00
132.50 84.50 21.00 95.00
132.50 88.50 21.00 95.00
136.50 92.50 21.00 95.00
136.50 100.50 21.00 95.00
140.50 104.50 21.00 95.00
144.50 108.50 21.00 95.00
152.50 112.50 21.00 95.00
156.50 116.50 21.00 95.00
156.50 116.50 21.00 95.00
156.50 116.50 21.00 95.00
156.50 112.50 21.00 95.00
152.50 108.50 21.00 95.00
152.50 104.50 21.00 95.00
152.50 100.50 21.00 95.00
152.50 96.50 21.00 95.00
152.50 92.50 21.00 95.00
152.50 88.50 21.00 95.00
152.50 88.50 21.00 95.00
148.50 84.50 21.00 95.00
148.50 84.50 21.00 95.00
148.50 84.50 21.00 95.00
144.50 80.50 21.00 95.00
140.50 80.50 21.00 95.00
132.50 76.50 21.00 95.00
128.50 76.50 21.00 95.00
124.50 72.50 21.00 95.00
120.50 68.50 21.00 95.00
116.50 64.50 21.00 95.00
112.50 92.50 21.00 95.00
112.50 92.50 21.00 95.00
112.50 104.50 21.00 95.00
112.50 88.50 21.00 95.00
112.50 72.50 21.00 95.00
108.50 72.50 21.00 95.00
108.50 72.50 21.00 95.00
108.50 84.50 21.00 95.00
108.50 56.50 21.00 95.00
108.50 80.50 21.00 95.00
108.50 68.50 21.00 95.00
108.50 68.50 21.00 95.00
108.50 72.50 21.00 95.00
108.50 52.50 21.00 95.00
112.50 56.50 21.00 95.00
112.50 64.50 21.00 95.00
112.50 76.50 21.00 95.00
112.50 88.50 21.00 95.00
112.50 100.50 21.00 95.00
112.50 104.50 21.00 95.00
108.50 108.50 21.00 95.00
108.50 108.50 21.00 95.00
108.50 108.50 21.00 95.00
108.50 104.50 21.00 95.00
108.50 104.50 21.00 95.00
108.50 100.50 21.00 95.00
108.50 96.50 21.00 95.00
112.50 92.50 21.00 95.00
108.50 96.50 21.00 95.00
112.50 100.50 21.00 95.00
112.50 100.50 21.00 95.00
112.50 104.50 21.00 95.00
112.50 112.50 21.00 95.00
112.50 116.50 21.00 95.00
112.50 116.50 21.00 95.00
112.50 120.50 21.00 95.00
112.50 124.50 21.00 95.00
