32.00 60.00 68.00 78.00
36.00 64.00 68.00 78.00
40.00 68.00 68.00 78.00
48.00 76.00 68.00 78.00
56.00 80.00 68.00 78.00
64.00 80.00 68.00 78.00
76.00 84.00 68.00 78.00
84.00 84.00 68.00 78.00
92.00 88.00 68.00 78.00
100.00 92.00 68.00 78.00
108.00 92.00 68.00 78.00
116.00 92.00 68.00 78.00
124.00 92.00 68.00 78.00
128.00 88.00 68.00 78.00
136.00 84.00 68.00 78.00
140.00 80.00 68.00 78.00
144.00 76.00 68.00 78.00
152.00 76.00 68.00 78.00
160.00 72.00 68.00 78.00
172.00 72.00 68.00 78.00
188.00 72.00 68.00 78.00
204.00 72.00 68.00 78.00
224.00 72.00 68.00 78.00
240.00 72.00 68.00 78.00
256.00 68.00 68.00 78.00
268.00 72.00 68.00 78.00
280.00 72.00 68.00 78.00
288.00 68.00 68.00 78.00
292.00 68.00 68.00 78.00
292.00 64.00 68.00 78.00
284.00 64.00 68.00 78.00
272.00 64.00 68.00 78.00
260.00 64.00 68.00 78.00
244.00 64.00 68.00 78.00
232.00 64.00 68.00 78.00
216.00 64.00 68.00 78.00
200.00 64.00 68.00 78.00
184.00 68.00 68.00 78.00
172.00 72.00 68.00 78.00
160.00 76.00 68.00 78.00
156.00 80.00 68.00 78.00
148.00 84.00 68.00 78.00
140.00 84.00 68.00 78.00
136.00 88.00 68.00 78.00
124.00 84.00 68.00 78.00
116.00 88.00 68.00 78.00
112.00 88.00 68.00 78.00
108.00 88.00 68.00 78.00
104.00 88.00 68.00 78.00
100.00 84.00 68.00 78.00
100.00 84.00 68.00 78.00
100.00 84.00 68.00 78.00
108.00 84.00 68.00 78.00
124.00 84.00 68.00 78.00
144.00 84.00 68.00 78.00
164.00 84.00 68.00 78.00
184.00 80.00 68.00 78.00
204.00 80.00 68.00 78.00
224.00 80.00 68.00 78.00
240.00 76.00 68.00 78.00
256.00 76.00 68.00 78.00
268.00 76.00 68.00 78.00
284.00 72.00 68.00 78.00
292.00 68.00 68.00 78.00
304.00 64.00 68.00 78.00
308.00 60.00 68.00 78.00
308.00 60.00 68.00 78.00
304.00 60.00 68.00 78.00
296.00 64.00 68.00 78.00
280.00 68.00 68.00 78.00
260.00 76.00 68.00 78.00
240.00 80.00 68.00 78.00
216.00 84.00 68.00 78.00
196.00 88.00 68.00 78.00
172.00 88.00 68.00 78.00
148.00 92.00 68.00 78.00
132.00 92.00 68.00 78.00
112.00 88.00 68.00 78.00
96.00 84.00 68.00 78.00
76.00 80.00 68.00 78.00
56.00 76.00 68.00 78.00
32.00 76.00 68.00 78.00
12.00 76.00 68.00 78.00
0.00 76.00 68.00 78.00
-8.00 80.00 68.00 78.00
-12.00 84.00 68.00 78.00
-12.00 84.00 68.00 78.00
-8.00 80.00 68.00 78.00
-8.00 76.00 68.00 78.00
-8.00 76.00 68.00 78.00
-8.00 76.00 68.00 78.00
-4.00 76.00 68.00 78.00
0.00 76.00 68.00 78.00
0.00 76.00 68.00 78.00
4.00 80.00 68.00 78.00
8.00 80.00 68.00 78.00
20.00 84.00 68.00 78.00
28.00 88.00 68.00 78.00
44.00 92.00 68.00 78.00
56.00 92.00 68.00 78.00
68.00 96.00 68.00 78.00
88.00 96.00 68.00 78.00
108.00 100.00 68.00 78.00
128.00 104.00 68.00 78.00
148.00 104.00 68.00 78.00
168.00 108.00 68.00 78.00
164.00 100.00 68.00 78.00
164.00 96.00 68.00 78.00
168.00 92.00 68.00 78.00
168.00 92.00 68.00 78.00
168.00 92.00 68.00 78.00
168.00 92.00 68.00 78.00
168.00 92.00 68.00 78.00
168.00 92.00 68.00 78.00
168.00 92.00 68.00 78.00
168.00 92.00 68.00 78.00
168.00 92.00 68.00 78.00
168.00 92.00 68.00 78.00
168.00 92.00 68.00 78.00
168.00 92.00 68.00 78.00
168.00 92.00 68.00 78.00
168.00 92.00 68.00 78.00
168.00 92.00 68.00 78.00
168.00 92.00 68.00 78.00
168.00 92.00 68.00 78.00
168.00 92.00 68.00 78.00
168.00 92.00 68.00 78.00
168.00 92.00 68.00 78.00
168.00 92.00 68.00 78.00
168.00 92.00 68.00 78.00
168.00 92.00 68.00 78.00
168.00 92.00 68.00 78.00
168.00 88.00 68.00 78.00
164.00 84.00 68.00 78.00
156.00 84.00 68.00 78.00
160.00 88.00 68.00 78.00
164.00 92.00 68.00 78.00
168.00 92.00 68.00 78.00
168.00 92.00 68.00 78.00
168.00 92.00 68.00 78.00
168.00 92.00 68.00 78.00
168.00 92.00 68.00 78.00
168.00 92.00 68.00 78.00
168.00 92.00 68.00 78.00
168.00 92.00 68.00 78.00
168.00 92.00 68.00 78.00
168.00 92.00 68.00 78.00
168.00 92.00 68.00 78.00
168.00 92.00 68.00 78.00
168.00 92.00 68.00 78.00
168.00 92.00 68.00 78.00
168.00 92.00 68.00 78.00
168.00 92.00 68.00 78.00
168.00 92.00 68.00 78.00
168.00 92.00 68.00 78.00
168.00 92.00 68.00 78.00
168.00 92.00 68.00 78.00
168.00 92.00 68.00 78.00
168.00 92.00 68.00 78.00
168.00 92.00 68.00 78.00
168.00 92.00 68.00 78.00
168.00 92.00 68.00 78.00
168.00 92.00 68.00 78.00
168.00 92.00 68.00 78.00
168.00 92.00 68.00 78.00
168.00 92.00 68.00 78.00
168.00 92.00 68.00 78.00
168.00 92.00 68.00 78.00
168.00 92.00 68.00 78.00
168.00 92.00 68.00 78.00
168.00 92.00 68.00 78.00
168.00 92.00 68.00 78.00
168.00 92.00 68.00 78.00
168.00 92.00 68.00 78.00
168.00 92.00 68.00 78.00
168.00 92.00 68.00 78.00
168.00 92.00 68.00 78.00
168.00 92.00 68.00 78.00
168.00 88.00 68.00 78.00
168.00 92.00 68.00 78.00
168.00 92.00 68.00 78.00
168.00 92.00 68.00 78.00
168.00 92.00 68.00 78.00
168.00 92.00 68.00 78.00
168.00 92.00 68.00 78.00
168.00 92.00 68.00 78.00
168.00 92.00 68.00 78.00
168.00 92.00 68.00 78.00
168.00 92.00 68.00 78.00
168.00 92.00 68.00 78.00
168.00 92.00 68.00 78.00
168.00 92.00 68.00 78.00
168.00 92.00 68.00 78.00
168.00 92.00 68.00 78.00
168.00 92.00 68.00 78.00
168.00 92.00 68.00 78.00
168.00 92.00 68.00 78.00
168.00 92.00 68.00 78.00
168.00 92.00 68.00 78.00
168.00 92.00 68.00 78.00
168.00 92.00 68.00 78.00
168.00 92.00 68.00 78.00
168.00 92.00 68.00 78.00
168.00 92.00 68.00 78.00
168.00 92.00 68.00 78.00
168.00 92.00 68.00 78.00
168.00 92.00 68.00 78.00
168.00 92.00 68.00 78.00
168.00 92.00 68.00 78.00
168.00 92.00 68.00 78.00
168.00 92.00 68.00 78.00
168.00 92.00 68.00 78.00
168.00 92.00 68.00 78.00
168.00 92.00 68.00 78.00
168.00 92.00 68.00 78.00
168.00 92.00 68.00 78.00
168.00 88.00 68.00 78.00
164.00 92.00 68.00 78.00
164.00 92.00 68.00 78.00
168.00 92.00 68.00 78.00
172.00 92.00 68.00 78.00
168.00 92.00 68.00 78.00
168.00 92.00 68.00 78.00
168.00 92.00 68.00 78.00
168.00 92.00 68.00 78.00
168.00 92.00 68.00 78.00
168.00 92.00 68.00 78.00
168.00 92.00 68.00 78.00
168.00 92.00 68.00 78.00
168.00 92.00 68.00 78.00
168.00 92.00 68.00 78.00
168.00 92.00 68.00 78.00
168.00 92.00 68.00 78.00
168.00 92.00 68.00 78.00
168.00 92.00 68.00 78.00
168.00 92.00 68.00 78.00
168.00 92.00 68.00 78.00
168.00 92.00 68.00 78.00
168.00 92.00 68.00 78.00
168.00 92.00 68.00 78.00
168.00 92.00 68.00 78.00
168.00 92.00 68.00 78.00
168.00 92.00 68.00 78.00
168.00 92.00 68.00 78.00
168.00 92.00 68.00 78.00
168.00 92.00 68.00 78.00
168.00 92.00 68.00 78.00
168.00 92.00 68.00 78.00
168.00 92.00 68.00 78.00
168.00 92.00 68.00 78.00
168.00 92.00 68.00 78.00
168.00 92.00 68.00 78.00
168.00 92.00 68.00 78.00
168.00 92.00 68.00 78.00
168.00 92.00 68.00 78.00
168.00 92.00 68.00 78.00
168.00 92.00 68.00 78.00
168.00 92.00 68.00 78.00
168.00 92.00 68.00 78.00
168.00 92.00 68.00 78.00
168.00 92.00 68.00 78.00
168.00 92.00 68.00 78.00
168.00 92.00 68.00 78.00
168.00 92.00 68.00 78.00
168.00 92.00 68.00 78.00
164.00 92.00 68.00 78.00
168.00 88.00 68.00 78.00
172.00 88.00 68.00 78.00
176.00 104.00 68.00 78.00
164.00 92.00 68.00 78.00
168.00 92.00 68.00 78.00
168.00 92.00 68.00 78.00
164.00 92.00 68.00 78.00
164.00 92.00 68.00 78.00
164.00 88.00 68.00 78.00
152.00 76.00 68.00 78.00
136.00 72.00 68.00 78.00
124.00 80.00 68.00 78.00
116.00 84.00 68.00 78.00
120.00 84.00 68.00 78.00
120.00 84.00 68.00 78.00
116.00 80.00 68.00 78.00
120.00 76.00 68.00 78.00
132.00 72.00 68.00 78.00
164.00 84.00 68.00 78.00
164.00 88.00 68.00 78.00
168.00 92.00 68.00 78.00
168.00 92.00 68.00 78.00
168.00 92.00 68.00 78.00
168.00 92.00 68.00 78.00
168.00 92.00 68.00 78.00
168.00 92.00 68.00 78.00
168.00 92.00 68.00 78.00
168.00 92.00 68.00 78.00
168.00 92.00 68.00 78.00
168.00 92.00 68.00 78.00
168.00 92.00 68.00 78.00
168.00 92.00 68.00 78.00
168.00 92.00 68.00 78.00
168.00 92.00 68.00 78.00
168.00 92.00 68.00 78.00
168.00 92.00 68.00 78.00
168.00 92.00 68.00 78.00
168.00 92.00 68.00 78.00
168.00 92.00 68.00 78.00
168.00 92.00 68.00 78.00
168.00 92.00 68.00 78.00
168.00 92.00 68.00 78.00
168.00 92.00 68.00 78.00
168.00 92.00 68.00 78.00
168.00 92.00 68.00 78.00
168.00 92.00 68.00 78.00
168.00 92.00 68.00 78.00
168.00 92.00 68.00 78.00
164.00 92.00 68.00 78.00
168.00 88.00 68.00 78.00
168.00 88.00 68.00 78.00
164.00 92.00 68.00 78.00
168.00 92.00 68.00 78.00
168.00 92.00 68.00 78.00
168.00 92.00 68.00 78.00
168.00 92.00 68.00 78.00
168.00 92.00 68.00 78.00
168.00 92.00 68.00 78.00
168.00 92.00 68.00 78.00
168.00 92.00 68.00 78.00
168.00 92.00 68.00 78.00
168.00 92.00 68.00 78.00
168.00 92.00 68.00 78.00
168.00 92.00 68.00 78.00
168.00 92.00 68.00 78.00
168.00 92.00 68.00 78.00
168.00 92.00 68.00 78.00
168.00 92.00 68.00 78.00
168.00 92.00 68.00 78.00
168.00 92.00 68.00 78.00
168.00 92.00 68.00 78.00
168.00 92.00 68.00 78.00
168.00 92.00 68.00 78.00
168.00 92.00 68.00 78.00
168.00 92.00 68.00 78.00
168.00 92.00 68.00 78.00
168.00 92.00 68.00 78.00
168.00 92.00 68.00 78.00
168.00 92.00 68.00 78.00
168.00 92.00 68.00 78.00
168.00 92.00 68.00 78.00
168.00 92.00 68.00 78.00
168.00 92.00 68.00 78.00
164.00 92.00 68.00 78.00
168.00 92.00 68.00 78.00
164.00 92.00 68.00 78.00
168.00 92.00 68.00 78.00
168.00 92.00 68.00 78.00
168.00 92.00 68.00 78.00
168.00 92.00 68.00 78.00
168.00 92.00 68.00 78.00
168.00 92.00 68.00 78.00
168.00 92.00 68.00 78.00
164.00 92.00 68.00 78.00
164.00 92.00 68.00 78.00
164.00 92.00 68.00 78.00
164.00 92.00 68.00 78.00
164.00 92.00 68.00 78.00
164.00 92.00 68.00 78.00
