118.00 57.00 82.00 98.00
118.00 57.00 82.00 98.00
118.00 57.00 82.00 98.00
118.00 57.00 82.00 98.00
118.00 57.00 82.00 98.00
118.00 57.00 82.00 98.00
118.00 53.00 82.00 98.00
118.00 53.00 82.00 98.00
122.00 53.00 82.00 98.00
122.00 53.00 82.00 98.00
122.00 53.00 82.00 98.00
122.00 53.00 82.00 98.00
122.00 53.00 82.00 98.00
122.00 53.00 82.00 98.00
122.00 53.00 82.00 98.00
122.00 53.00 82.00 98.00
122.00 53.00 82.00 98.00
118.00 53.00 82.00 98.00
118.00 53.00 82.00 98.00
118.00 53.00 82.00 98.00
118.00 53.00 82.00 98.00
118.00 53.00 82.00 98.00
118.00 53.00 82.00 98.00
114.00 53.00 82.00 98.00
114.00 53.00 82.00 98.00
114.00 53.00 82.00 98.00
114.00 53.00 82.00 98.00
114.00 53.00 82.00 98.00
114.00 53.00 82.00 98.00
114.00 53.00 82.00 98.00
110.00 57.00 82.00 98.00
110.00 53.00 82.00 98.00
110.00 53.00 82.00 98.00
110.00 53.00 82.00 98.00
110.00 53.00 82.00 98.00
106.00 53.00 82.00 98.00
106.00 53.00 82.00 98.00
106.00 53.00 82.00 98.00
106.00 53.00 82.00 98.00
106.00 57.00 82.00 98.00
106.00 57.00 82.00 98.00
106.00 57.00 82.00 98.00
106.00 57.00 82.00 98.00
102.00 57.00 82.00 98.00
102.00 57.00 82.00 98.00
102.00 57.00 82.00 98.00
102.00 57.00 82.00 98.00
98.00 57.00 82.00 98.00
98.00 53.00 82.00 98.00
98.00 53.00 82.00 98.00
102.00 53.00 82.00 98.00
102.00 53.00 82.00 98.00
102.00 53.00 82.00 98.00
102.00 53.00 82.00 98.00
102.00 53.00 82.00 98.00
106.00 53.00 82.00 98.00
106.00 53.00 82.00 98.00
106.00 53.00 82.00 98.00
106.00 53.00 82.00 98.00
106.00 49.00 82.00 98.00
106.00 49.00 82.00 98.00
106.00 53.00 82.00 98.00
110.00 53.00 82.00 98.00
114.00 53.00 82.00 98.00
118.00 49.00 82.00 98.00
118.00 49.00 82.00 98.00
122.00 49.00 82.00 98.00
122.00 49.00 82.00 98.00
122.00 45.00 82.00 98.00
122.00 45.00 82.00 98.00
126.00 45.00 82.00 98.00
126.00 49.00 82.00 98.00
126.00 49.00 82.00 98.00
130.00 49.00 82.00 98.00
130.00 49.00 82.00 98.00
130.00 49.00 82.00 98.00
130.00 53.00 82.00 98.00
126.00 53.00 82.00 98.00
126.00 53.00 82.00 98.00
126.00 53.00 82.00 98.00
126.00 53.00 82.00 98.00
126.00 53.00 82.00 98.00
126.00 53.00 82.00 98.00
122.00 53.00 82.00 98.00
122.00 53.00 82.00 98.00
122.00 53.00 82.00 98.00
122.00 53.00 82.00 98.00
122.00 53.00 82.00 98.00
122.00 53.00 82.00 98.00
122.00 53.00 82.00 98.00
122.00 53.00 82.00 98.00
122.00 53.00 82.00 98.00
122.00 53.00 82.00 98.00
122.00 53.00 82.00 98.00
122.00 53.00 82.00 98.00
122.00 53.00 82.00 98.00
122.00 53.00 82.00 98.00
118.00 53.00 82.00 98.00
118.00 53.00 82.00 98.00
118.00 53.00 82.00 98.00
118.00 53.00 82.00 98.00
118.00 53.00 82.00 98.00
118.00 53.00 82.00 98.00
122.00 53.00 82.00 98.00
122.00 53.00 82.00 98.00
122.00 53.00 82.00 98.00
122.00 53.00 82.00 98.00
126.00 53.00 82.00 98.00
126.00 53.00 82.00 98.00
126.00 53.00 82.00 98.00
126.00 53.00 82.00 98.00
126.00 53.00 82.00 98.00
126.00 53.00 82.00 98.00
126.00 53.00 82.00 98.00
126.00 53.00 82.00 98.00
126.00 53.00 82.00 98.00
126.00 53.00 82.00 98.00
126.00 53.00 82.00 98.00
122.00 53.00 82.00 98.00
122.00 53.00 82.00 98.00
122.00 53.00 82.00 98.00
122.00 53.00 82.00 98.00
122.00 53.00 82.00 98.00
122.00 53.00 82.00 98.00
122.00 53.00 82.00 98.00
122.00 53.00 82.00 98.00
122.00 53.00 82.00 98.00
122.00 53.00 82.00 98.00
122.00 53.00 82.00 98.00
122.00 53.00 82.00 98.00
122.00 53.00 82.00 98.00
122.00 53.00 82.00 98.00
122.00 53.00 82.00 98.00
122.00 53.00 82.00 98.00
122.00 53.00 82.00 98.00
122.00 53.00 82.00 98.00
126.00 53.00 82.00 98.00
126.00 53.00 82.00 98.00
126.00 53.00 82.00 98.00
126.00 53.00 82.00 98.00
126.00 53.00 82.00 98.00
126.00 53.00 82.00 98.00
126.00 53.00 82.00 98.00
126.00 53.00 82.00 98.00
126.00 53.00 82.00 98.00
126.00 53.00 82.00 98.00
126.00 53.00 82.00 98.00
126.00 53.00 82.00 98.00
126.00 53.00 82.00 98.00
126.00 53.00 82.00 98.00
126.00 53.00 82.00 98.00
126.00 53.00 82.00 98.00
126.00 53.00 82.00 98.00
126.00 53.00 82.00 98.00
126.00 53.00 82.00 98.00
126.00 53.00 82.00 98.00
126.00 53.00 82.00 98.00
126.00 53.00 82.00 98.00
126.00 53.00 82.00 98.00
122.00 53.00 82.00 98.00
122.00 53.00 82.00 98.00
122.00 53.00 82.00 98.00
122.00 53.00 82.00 98.00
122.00 53.00 82.00 98.00
122.00 53.00 82.00 98.00
122.00 53.00 82.00 98.00
122.00 53.00 82.00 98.00
122.00 53.00 82.00 98.00
122.00 53.00 82.00 98.00
122.00 53.00 82.00 98.00
122.00 53.00 82.00 98.00
122.00 53.00 82.00 98.00
122.00 53.00 82.00 98.00
122.00 53.00 82.00 98.00
122.00 53.00 82.00 98.00
122.00 57.00 82.00 98.00
122.00 57.00 82.00 98.00
122.00 57.00 82.00 98.00
122.00 57.00 82.00 98.00
122.00 57.00 82.00 98.00
122.00 57.00 82.00 98.00
122.00 57.00 82.00 98.00
122.00 53.00 82.00 98.00
122.00 53.00 82.00 98.00
122.00 53.00 82.00 98.00
122.00 53.00 82.00 98.00
122.00 53.00 82.00 98.00
122.00 53.00 82.00 98.00
122.00 53.00 82.00 98.00
122.00 53.00 82.00 98.00
122.00 53.00 82.00 98.00
122.00 53.00 82.00 98.00
122.00 53.00 82.00 98.00
122.00 53.00 82.00 98.00
122.00 53.00 82.00 98.00
122.00 53.00 82.00 98.00
122.00 53.00 82.00 98.00
122.00 53.00 82.00 98.00
122.00 53.00 82.00 98.00
122.00 53.00 82.00 98.00
122.00 53.00 82.00 98.00
122.00 53.00 82.00 98.00
122.00 53.00 82.00 98.00
122.00 53.00 82.00 98.00
122.00 53.00 82.00 98.00
122.00 53.00 82.00 98.00
122.00 53.00 82.00 98.00
122.00 53.00 82.00 98.00
118.00 53.00 82.00 98.00
118.00 53.00 82.00 98.00
122.00 53.00 82.00 98.00
122.00 53.00 82.00 98.00
122.00 53.00 82.00 98.00
122.00 53.00 82.00 98.00
126.00 53.00 82.00 98.00
126.00 53.00 82.00 98.00
126.00 53.00 82.00 98.00
130.00 53.00 82.00 98.00
130.00 53.00 82.00 98.00
130.00 53.00 82.00 98.00
130.00 53.00 82.00 98.00
130.00 53.00 82.00 98.00
130.00 53.00 82.00 98.00
130.00 53.00 82.00 98.00
130.00 53.00 82.00 98.00
130.00 53.00 82.00 98.00
130.00 53.00 82.00 98.00
130.00 53.00 82.00 98.00
130.00 53.00 82.00 98.00
130.00 53.00 82.00 98.00
130.00 53.00 82.00 98.00
130.00 53.00 82.00 98.00
130.00 53.00 82.00 98.00
126.00 49.00 82.00 98.00
126.00 49.00 82.00 98.00
126.00 49.00 82.00 98.00
126.00 49.00 82.00 98.00
126.00 49.00 82.00 98.00
126.00 49.00 82.00 98.00
126.00 49.00 82.00 98.00
126.00 49.00 82.00 98.00
126.00 49.00 82.00 98.00
126.00 49.00 82.00 98.00
126.00 49.00 82.00 98.00
126.00 49.00 82.00 98.00
126.00 49.00 82.00 98.00
126.00 49.00 82.00 98.00
126.00 49.00 82.00 98.00
126.00 49.00 82.00 98.00
126.00 49.00 82.00 98.00
126.00 49.00 82.00 98.00
126.00 49.00 82.00 98.00
122.00 49.00 82.00 98.00
122.00 49.00 82.00 98.00
122.00 49.00 82.00 98.00
122.00 49.00 82.00 98.00
122.00 49.00 82.00 98.00
122.00 49.00 82.00 98.00
122.00 49.00 82.00 98.00
122.00 49.00 82.00 98.00
122.00 49.00 82.00 98.00
122.00 49.00 82.00 98.00
122.00 49.00 82.00 98.00
122.00 49.00 82.00 98.00
122.00 49.00 82.00 98.00
122.00 49.00 82.00 98.00
122.00 49.00 82.00 98.00
122.00 49.00 82.00 98.00
122.00 49.00 82.00 98.00
122.00 49.00 82.00 98.00
122.00 49.00 82.00 98.00
122.00 49.00 82.00 98.00
122.00 49.00 82.00 98.00
122.00 49.00 82.00 98.00
122.00 49.00 82.00 98.00
122.00 49.00 82.00 98.00
122.00 49.00 82.00 98.00
122.00 49.00 82.00 98.00
122.00 49.00 82.00 98.00
122.00 49.00 82.00 98.00
122.00 49.00 82.00 98.00
122.00 49.00 82.00 98.00
122.00 49.00 82.00 98.00
122.00 49.00 82.00 98.00
122.00 49.00 82.00 98.00
122.00 49.00 82.00 98.00
122.00 49.00 82.00 98.00
122.00 49.00 82.00 98.00
122.00 49.00 82.00 98.00
122.00 49.00 82.00 98.00
122.00 49.00 82.00 98.00
126.00 49.00 82.00 98.00
126.00 53.00 82.00 98.00
126.00 53.00 82.00 98.00
126.00 53.00 82.00 98.00
126.00 53.00 82.00 98.00
122.00 53.00 82.00 98.00
122.00 53.00 82.00 98.00
122.00 53.00 82.00 98.00
118.00 53.00 82.00 98.00
118.00 53.00 82.00 98.00
118.00 53.00 82.00 98.00
114.00 53.00 82.00 98.00
114.00 53.00 82.00 98.00
114.00 53.00 82.00 98.00
114.00 53.00 82.00 98.00
114.00 53.00 82.00 98.00
114.00 53.00 82.00 98.00
114.00 53.00 82.00 98.00
114.00 53.00 82.00 98.00
114.00 53.00 82.00 98.00
114.00 53.00 82.00 98.00
110.00 53.00 82.00 98.00
110.00 53.00 82.00 98.00
110.00 53.00 82.00 98.00
106.00 53.00 82.00 98.00
106.00 53.00 82.00 98.00
106.00 57.00 82.00 98.00
102.00 57.00 82.00 98.00
102.00 57.00 82.00 98.00
102.00 57.00 82.00 98.00
102.00 57.00 82.00 98.00
102.00 57.00 82.00 98.00
102.00 57.00 82.00 98.00
102.00 57.00 82.00 98.00
102.00 57.00 82.00 98.00
102.00 57.00 82.00 98.00
102.00 57.00 82.00 98.00
102.00 57.00 82.00 98.00
98.00 57.00 82.00 98.00
98.00 57.00 82.00 98.00
98.00 57.00 82.00 98.00
98.00 57.00 82.00 98.00
98.00 57.00 82.00 98.00
98.00 57.00 82.00 98.00
98.00 57.00 82.00 98.00
98.00 57.00 82.00 98.00
94.00 57.00 82.00 98.00
94.00 57.00 82.00 98.00
94.00 57.00 82.00 98.00
94.00 57.00 82.00 98.00
90.00 57.00 82.00 98.00
90.00 57.00 82.00 98.00
90.00 57.00 82.00 98.00
90.00 57.00 82.00 98.00
90.00 57.00 82.00 98.00
90.00 57.00 82.00 98.00
90.00 57.00 82.00 98.00
90.00 57.00 82.00 98.00
90.00 57.00 82.00 98.00
90.00 57.00 82.00 98.00
94.00 57.00 82.00 98.00
94.00 57.00 82.00 98.00
94.00 57.00 82.00 98.00
94.00 57.00 82.00 98.00
94.00 57.00 82.00 98.00
94.00 57.00 82.00 98.00
94.00 57.00 82.00 98.00
94.00 57.00 82.00 98.00
94.00 57.00 82.00 98.00
94.00 53.00 82.00 98.00
98.00 53.00 82.00 98.00
98.00 53.00 82.00 98.00
102.00 53.00 82.00 98.00
106.00 53.00 82.00 98.00
110.00 53.00 82.00 98.00
110.00 49.00 82.00 98.00
114.00 49.00 82.00 98.00
118.00 49.00 82.00 98.00
122.00 49.00 82.00 98.00
126.00 49.00 82.00 98.00
126.00 49.00 82.00 98.00
126.00 49.00 82.00 98.00
126.00 49.00 82.00 98.00
130.00 49.00 82.00 98.00
130.00 49.00 82.00 98.00
134.00 49.00 82.00 98.00
138.00 49.00 82.00 98.00
142.00 49.00 82.00 98.00
146.00 49.00 82.00 98.00
150.00 49.00 82.00 98.00
154.00 49.00 82.00 98.00
154.00 49.00 82.00 98.00
154.00 49.00 82.00 98.00
150.00 49.00 82.00 98.00
150.00 49.00 82.00 98.00
146.00 49.00 82.00 98.00
138.00 49.00 82.00 98.00
134.00 49.00 82.00 98.00
126.00 49.00 82.00 98.00
118.00 49.00 82.00 98.00
114.00 49.00 82.00 98.00
106.00 49.00 82.00 98.00
102.00 53.00 82.00 98.00
98.00 53.00 82.00 98.00
94.00 53.00 82.00 98.00
94.00 53.00 82.00 98.00
94.00 53.00 82.00 98.00
90.00 53.00 82.00 98.00
90.00 53.00 82.00 98.00
90.00 57.00 82.00 98.00
86.00 57.00 82.00 98.00
86.00 57.00 82.00 98.00
86.00 57.00 82.00 98.00
86.00 57.00 82.00 98.00
82.00 57.00 82.00 98.00
82.00 57.00 82.00 98.00
82.00 57.00 82.00 98.00
82.00 61.00 82.00 98.00
82.00 61.00 82.00 98.00
78.00 61.00 82.00 98.00
78.00 61.00 82.00 98.00
78.00 61.00 82.00 98.00
78.00 61.00 82.00 98.00
78.00 61.00 82.00 98.00
78.00 61.00 82.00 98.00
78.00 61.00 82.00 98.00
78.00 61.00 82.00 98.00
78.00 61.00 82.00 98.00
78.00 61.00 82.00 98.00
78.00 61.00 82.00 98.00
78.00 61.00 82.00 98.00
78.00 61.00 82.00 98.00
78.00 61.00 82.00 98.00
78.00 61.00 82.00 98.00
82.00 61.00 82.00 98.00
82.00 61.00 82.00 98.00
82.00 61.00 82.00 98.00
82.00 61.00 82.00 98.00
82.00 61.00 82.00 98.00
82.00 61.00 82.00 98.00
82.00 61.00 82.00 98.00
82.00 61.00 82.00 98.00
86.00 61.00 82.00 98.00
86.00 61.00 82.00 98.00
86.00 61.00 82.00 98.00
86.00 61.00 82.00 98.00
86.00 61.00 82.00 98.00
86.00 61.00 82.00 98.00
86.00 61.00 82.00 98.00
86.00 61.00 82.00 98.00
82.00 61.00 82.00 98.00
82.00 61.00 82.00 98.00
82.00 61.00 82.00 98.00
82.00 61.00 82.00 98.00
82.00 61.00 82.00 98.00
82.00 61.00 82.00 98.00
82.00 61.00 82.00 98.00
82.00 61.00 82.00 98.00
82.00 61.00 82.00 98.00
82.00 61.00 82.00 98.00
82.00 61.00 82.00 98.00
82.00 61.00 82.00 98.00
82.00 61.00 82.00 98.00
82.00 61.00 82.00 98.00
82.00 61.00 82.00 98.00
82.00 61.00 82.00 98.00
82.00 61.00 82.00 98.00
82.00 61.00 82.00 98.00
82.00 61.00 82.00 98.00
82.00 61.00 82.00 98.00
82.00 61.00 82.00 98.00
82.00 61.00 82.00 98.00
82.00 61.00 82.00 98.00
82.00 61.00 82.00 98.00
82.00 61.00 82.00 98.00
82.00 61.00 82.00 98.00
82.00 61.00 82.00 98.00
82.00 61.00 82.00 98.00
82.00 61.00 82.00 98.00
82.00 61.00 82.00 98.00
82.00 61.00 82.00 98.00
82.00 61.00 82.00 98.00
82.00 61.00 82.00 98.00
82.00 61.00 82.00 98.00
82.00 61.00 82.00 98.00
82.00 65.00 82.00 98.00
82.00 65.00 82.00 98.00
82.00 65.00 82.00 98.00
82.00 65.00 82.00 98.00
82.00 65.00 82.00 98.00
82.00 65.00 82.00 98.00
82.00 65.00 82.00 98.00
82.00 65.00 82.00 98.00
82.00 65.00 82.00 98.00
82.00 65.00 82.00 98.00
82.00 65.00 82.00 98.00
82.00 65.00 82.00 98.00
82.00 65.00 82.00 98.00
82.00 65.00 82.00 98.00
82.00 65.00 82.00 98.00
82.00 65.00 82.00 98.00
82.00 65.00 82.00 98.00
82.00 65.00 82.00 98.00
82.00 65.00 82.00 98.00
82.00 65.00 82.00 98.00
82.00 65.00 82.00 98.00
82.00 65.00 82.00 98.00
82.00 65.00 82.00 98.00
82.00 65.00 82.00 98.00
82.00 65.00 82.00 98.00
82.00 65.00 82.00 98.00
82.00 65.00 82.00 98.00
82.00 65.00 82.00 98.00
82.00 65.00 82.00 98.00
86.00 65.00 82.00 98.00
86.00 65.00 82.00 98.00
86.00 65.00 82.00 98.00
86.00 65.00 82.00 98.00
86.00 65.00 82.00 98.00
90.00 65.00 82.00 98.00
90.00 65.00 82.00 98.00
90.00 65.00 82.00 98.00
90.00 65.00 82.00 98.00
90.00 65.00 82.00 98.00
90.00 65.00 82.00 98.00
94.00 61.00 82.00 98.00
94.00 61.00 82.00 98.00
94.00 61.00 82.00 98.00
94.00 61.00 82.00 98.00
94.00 61.00 82.00 98.00
98.00 61.00 82.00 98.00
98.00 61.00 82.00 98.00
98.00 61.00 82.00 98.00
98.00 61.00 82.00 98.00
98.00 61.00 82.00 98.00
102.00 61.00 82.00 98.00
102.00 61.00 82.00 98.00
102.00 61.00 82.00 98.00
106.00 61.00 82.00 98.00
106.00 61.00 82.00 98.00
106.00 61.00 82.00 98.00
110.00 61.00 82.00 98.00
110.00 61.00 82.00 98.00
114.00 61.00 82.00 98.00
114.00 61.00 82.00 98.00
114.00 61.00 82.00 98.00
114.00 61.00 82.00 98.00
114.00 61.00 82.00 98.00
114.00 61.00 82.00 98.00
118.00 61.00 82.00 98.00
118.00 61.00 82.00 98.00
118.00 61.00 82.00 98.00
118.00 61.00 82.00 98.00
118.00 61.00 82.00 98.00
118.00 61.00 82.00 98.00
118.00 61.00 82.00 98.00
118.00 61.00 82.00 98.00
118.00 61.00 82.00 98.00
118.00 61.00 82.00 98.00
122.00 61.00 82.00 98.00
122.00 65.00 82.00 98.00
122.00 65.00 82.00 98.00
122.00 65.00 82.00 98.00
122.00 65.00 82.00 98.00
126.00 65.00 82.00 98.00
126.00 65.00 82.00 98.00
126.00 65.00 82.00 98.00
126.00 65.00 82.00 98.00
126.00 65.00 82.00 98.00
126.00 65.00 82.00 98.00
130.00 69.00 82.00 98.00
130.00 69.00 82.00 98.00
130.00 69.00 82.00 98.00
126.00 69.00 82.00 98.00
126.00 69.00 82.00 98.00
126.00 69.00 82.00 98.00
126.00 73.00 82.00 98.00
126.00 73.00 82.00 98.00
126.00 73.00 82.00 98.00
126.00 73.00 82.00 98.00
126.00 73.00 82.00 98.00
126.00 77.00 82.00 98.00
126.00 81.00 82.00 98.00
126.00 81.00 82.00 98.00
126.00 81.00 82.00 98.00
130.00 77.00 82.00 98.00
130.00 77.00 82.00 98.00
130.00 77.00 82.00 98.00
126.00 73.00 82.00 98.00
126.00 73.00 82.00 98.00
126.00 69.00 82.00 98.00
126.00 69.00 82.00 98.00
126.00 69.00 82.00 98.00
126.00 69.00 82.00 98.00
126.00 69.00 82.00 98.00
126.00 69.00 82.00 98.00
126.00 69.00 82.00 98.00
126.00 69.00 82.00 98.00
126.00 73.00 82.00 98.00
126.00 73.00 82.00 98.00
122.00 73.00 82.00 98.00
122.00 73.00 82.00 98.00
126.00 73.00 82.00 98.00
126.00 73.00 82.00 98.00
126.00 73.00 82.00 98.00
126.00 73.00 82.00 98.00
126.00 73.00 82.00 98.00
126.00 73.00 82.00 98.00
126.00 73.00 82.00 98.00
126.00 73.00 82.00 98.00
126.00 73.00 82.00 98.00
122.00 73.00 82.00 98.00
122.00 77.00 82.00 98.00
122.00 77.00 82.00 98.00
122.00 77.00 82.00 98.00
122.00 77.00 82.00 98.00
122.00 77.00 82.00 98.00
122.00 77.00 82.00 98.00
122.00 77.00 82.00 98.00
122.00 73.00 82.00 98.00
122.00 73.00 82.00 98.00
122.00 73.00 82.00 98.00
122.00 73.00 82.00 98.00
122.00 73.00 82.00 98.00
122.00 73.00 82.00 98.00
122.00 73.00 82.00 98.00
122.00 73.00 82.00 98.00
122.00 73.00 82.00 98.00
122.00 73.00 82.00 98.00
122.00 73.00 82.00 98.00
122.00 73.00 82.00 98.00
122.00 73.00 82.00 98.00
122.00 73.00 82.00 98.00
122.00 73.00 82.00 98.00
122.00 73.00 82.00 98.00
122.00 73.00 82.00 98.00
122.00 73.00 82.00 98.00
122.00 73.00 82.00 98.00
122.00 73.00 82.00 98.00
126.00 73.00 82.00 98.00
126.00 73.00 82.00 98.00
126.00 73.00 82.00 98.00
126.00 73.00 82.00 98.00
126.00 73.00 82.00 98.00
126.00 73.00 82.00 98.00
126.00 73.00 82.00 98.00
126.00 73.00 82.00 98.00
126.00 73.00 82.00 98.00
122.00 69.00 82.00 98.00
122.00 69.00 82.00 98.00
118.00 69.00 82.00 98.00
118.00 69.00 82.00 98.00
118.00 69.00 82.00 98.00
118.00 69.00 82.00 98.00
118.00 69.00 82.00 98.00
118.00 73.00 82.00 98.00
118.00 73.00 82.00 98.00
118.00 73.00 82.00 98.00
118.00 73.00 82.00 98.00
118.00 73.00 82.00 98.00
118.00 73.00 82.00 98.00
118.00 73.00 82.00 98.00
118.00 73.00 82.00 98.00
118.00 77.00 82.00 98.00
118.00 77.00 82.00 98.00
118.00 77.00 82.00 98.00
118.00 77.00 82.00 98.00
122.00 81.00 82.00 98.00
122.00 81.00 82.00 98.00
122.00 81.00 82.00 98.00
122.00 81.00 82.00 98.00
122.00 81.00 82.00 98.00
122.00 81.00 82.00 98.00
122.00 81.00 82.00 98.00
122.00 81.00 82.00 98.00
122.00 81.00 82.00 98.00
122.00 81.00 82.00 98.00
122.00 81.00 82.00 98.00
122.00 81.00 82.00 98.00
122.00 81.00 82.00 98.00
122.00 81.00 82.00 98.00
118.00 81.00 82.00 98.00
118.00 81.00 82.00 98.00
118.00 77.00 82.00 98.00
118.00 77.00 82.00 98.00
118.00 77.00 82.00 98.00
118.00 77.00 82.00 98.00
118.00 77.00 82.00 98.00
118.00 77.00 82.00 98.00
118.00 77.00 82.00 98.00
118.00 77.00 82.00 98.00
118.00 77.00 82.00 98.00
118.00 77.00 82.00 98.00
118.00 77.00 82.00 98.00
118.00 77.00 82.00 98.00
118.00 77.00 82.00 98.00
118.00 77.00 82.00 98.00
118.00 77.00 82.00 98.00
118.00 77.00 82.00 98.00
118.00 77.00 82.00 98.00
118.00 77.00 82.00 98.00
118.00 77.00 82.00 98.00
118.00 77.00 82.00 98.00
118.00 77.00 82.00 98.00
118.00 77.00 82.00 98.00
118.00 77.00 82.00 98.00
118.00 77.00 82.00 98.00
118.00 77.00 82.00 98.00
118.00 77.00 82.00 98.00
118.00 77.00 82.00 98.00
118.00 77.00 82.00 98.00
118.00 77.00 82.00 98.00
118.00 77.00 82.00 98.00
118.00 77.00 82.00 98.00
118.00 77.00 82.00 98.00
118.00 77.00 82.00 98.00
118.00 77.00 82.00 98.00
118.00 77.00 82.00 98.00
118.00 77.00 82.00 98.00
118.00 77.00 82.00 98.00
118.00 77.00 82.00 98.00
118.00 77.00 82.00 98.00
118.00 77.00 82.00 98.00
118.00 77.00 82.00 98.00
118.00 77.00 82.00 98.00
118.00 77.00 82.00 98.00
118.00 77.00 82.00 98.00
118.00 77.00 82.00 98.00
118.00 77.00 82.00 98.00
118.00 77.00 82.00 98.00
118.00 77.00 82.00 98.00
118.00 77.00 82.00 98.00
118.00 77.00 82.00 98.00
118.00 77.00 82.00 98.00
118.00 77.00 82.00 98.00
118.00 77.00 82.00 98.00
118.00 77.00 82.00 98.00
118.00 77.00 82.00 98.00
118.00 77.00 82.00 98.00
118.00 77.00 82.00 98.00
118.00 77.00 82.00 98.00
118.00 77.00 82.00 98.00
118.00 77.00 82.00 98.00
118.00 77.00 82.00 98.00
118.00 77.00 82.00 98.00
118.00 77.00 82.00 98.00
118.00 77.00 82.00 98.00
118.00 77.00 82.00 98.00
118.00 77.00 82.00 98.00
118.00 77.00 82.00 98.00
118.00 77.00 82.00 98.00
118.00 77.00 82.00 98.00
118.00 77.00 82.00 98.00
118.00 77.00 82.00 98.00
118.00 77.00 82.00 98.00
118.00 77.00 82.00 98.00
118.00 77.00 82.00 98.00
118.00 77.00 82.00 98.00
118.00 77.00 82.00 98.00
118.00 77.00 82.00 98.00
118.00 77.00 82.00 98.00
118.00 73.00 82.00 98.00
118.00 73.00 82.00 98.00
118.00 73.00 82.00 98.00
118.00 73.00 82.00 98.00
122.00 73.00 82.00 98.00
122.00 73.00 82.00 98.00
122.00 73.00 82.00 98.00
122.00 73.00 82.00 98.00
122.00 73.00 82.00 98.00
122.00 73.00 82.00 98.00
122.00 69.00 82.00 98.00
122.00 69.00 82.00 98.00
122.00 69.00 82.00 98.00
122.00 69.00 82.00 98.00
122.00 69.00 82.00 98.00
122.00 69.00 82.00 98.00
122.00 69.00 82.00 98.00
122.00 69.00 82.00 98.00
122.00 69.00 82.00 98.00
122.00 69.00 82.00 98.00
118.00 69.00 82.00 98.00
118.00 69.00 82.00 98.00
118.00 69.00 82.00 98.00
122.00 69.00 82.00 98.00
122.00 69.00 82.00 98.00
122.00 69.00 82.00 98.00
122.00 69.00 82.00 98.00
122.00 69.00 82.00 98.00
122.00 69.00 82.00 98.00
122.00 69.00 82.00 98.00
122.00 69.00 82.00 98.00
122.00 69.00 82.00 98.00
122.00 69.00 82.00 98.00
122.00 69.00 82.00 98.00
122.00 69.00 82.00 98.00
122.00 69.00 82.00 98.00
118.00 69.00 82.00 98.00
118.00 69.00 82.00 98.00
118.00 69.00 82.00 98.00
118.00 69.00 82.00 98.00
118.00 69.00 82.00 98.00
118.00 69.00 82.00 98.00
118.00 69.00 82.00 98.00
118.00 69.00 82.00 98.00
118.00 69.00 82.00 98.00
118.00 69.00 82.00 98.00
118.00 69.00 82.00 98.00
118.00 69.00 82.00 98.00
118.00 69.00 82.00 98.00
118.00 69.00 82.00 98.00
118.00 69.00 82.00 98.00
118.00 69.00 82.00 98.00
118.00 69.00 82.00 98.00
118.00 69.00 82.00 98.00
118.00 69.00 82.00 98.00
118.00 69.00 82.00 98.00
118.00 69.00 82.00 98.00
118.00 69.00 82.00 98.00
114.00 69.00 82.00 98.00
114.00 69.00 82.00 98.00
