121.50 50.50 51.00 61.00
121.50 50.50 51.00 61.00
121.50 50.50 51.00 61.00
121.50 50.50 51.00 61.00
121.50 54.50 51.00 61.00
121.50 54.50 51.00 61.00
121.50 54.50 51.00 61.00
121.50 54.50 51.00 61.00
121.50 58.50 51.00 61.00
121.50 58.50 51.00 61.00
121.50 58.50 51.00 61.00
121.50 58.50 51.00 61.00
121.50 58.50 51.00 61.00
121.50 58.50 51.00 61.00
121.50 58.50 51.00 61.00
121.50 58.50 51.00 61.00
121.50 58.50 51.00 61.00
121.50 58.50 51.00 61.00
121.50 58.50 51.00 61.00
121.50 58.50 51.00 61.00
121.50 58.50 51.00 61.00
117.50 58.50 51.00 61.00
117.50 62.50 51.00 61.00
117.50 62.50 51.00 61.00
117.50 62.50 51.00 61.00
117.50 62.50 51.00 61.00
117.50 62.50 51.00 61.00
117.50 62.50 51.00 61.00
117.50 62.50 51.00 61.00
117.50 62.50 51.00 61.00
117.50 62.50 51.00 61.00
117.50 62.50 51.00 61.00
113.50 62.50 51.00 61.00
113.50 58.50 51.00 61.00
109.50 58.50 51.00 61.00
109.50 58.50 51.00 61.00
105.50 58.50 51.00 61.00
105.50 58.50 51.00 61.00
105.50 58.50 51.00 61.00
105.50 58.50 51.00 61.00
105.50 58.50 51.00 61.00
105.50 58.50 51.00 61.00
105.50 54.50 51.00 61.00
105.50 54.50 51.00 61.00
109.50 54.50 51.00 61.00
109.50 54.50 51.00 61.00
109.50 50.50 51.00 61.00
109.50 50.50 51.00 61.00
113.50 50.50 51.00 61.00
113.50 50.50 51.00 61.00
113.50 54.50 51.00 61.00
113.50 54.50 51.00 61.00
113.50 54.50 51.00 61.00
113.50 58.50 51.00 61.00
113.50 58.50 51.00 61.00
113.50 62.50 51.00 61.00
113.50 66.50 51.00 61.00
113.50 66.50 51.00 61.00
113.50 70.50 51.00 61.00
113.50 70.50 51.00 61.00
113.50 74.50 51.00 61.00
113.50 74.50 51.00 61.00
113.50 78.50 51.00 61.00
113.50 78.50 51.00 61.00
113.50 82.50 51.00 61.00
113.50 82.50 51.00 61.00
113.50 82.50 51.00 61.00
117.50 82.50 51.00 61.00
117.50 82.50 51.00 61.00
117.50 82.50 51.00 61.00
121.50 86.50 51.00 61.00
121.50 86.50 51.00 61.00
125.50 86.50 51.00 61.00
125.50 82.50 51.00 61.00
125.50 82.50 51.00 61.00
125.50 82.50 51.00 61.00
125.50 78.50 51.00 61.00
125.50 78.50 51.00 61.00
125.50 74.50 51.00 61.00
125.50 74.50 51.00 61.00
125.50 70.50 51.00 61.00
121.50 70.50 51.00 61.00
121.50 66.50 51.00 61.00
121.50 66.50 51.00 61.00
121.50 66.50 51.00 61.00
121.50 66.50 51.00 61.00
121.50 66.50 51.00 61.00
121.50 66.50 51.00 61.00
121.50 62.50 51.00 61.00
121.50 62.50 51.00 61.00
121.50 62.50 51.00 61.00
121.50 62.50 51.00 61.00
117.50 58.50 51.00 61.00
117.50 58.50 51.00 61.00
117.50 58.50 51.00 61.00
113.50 54.50 51.00 61.00
109.50 54.50 51.00 61.00
109.50 54.50 51.00 61.00
105.50 54.50 51.00 61.00
105.50 54.50 51.00 61.00
105.50 54.50 51.00 61.00
105.50 54.50 51.00 61.00
101.50 54.50 51.00 61.00
101.50 54.50 51.00 61.00
101.50 54.50 51.00 61.00
101.50 54.50 51.00 61.00
101.50 54.50 51.00 61.00
101.50 54.50 51.00 61.00
101.50 54.50 51.00 61.00
101.50 54.50 51.00 61.00
105.50 54.50 51.00 61.00
105.50 54.50 51.00 61.00
105.50 54.50 51.00 61.00
105.50 54.50 51.00 61.00
105.50 54.50 51.00 61.00
109.50 58.50 51.00 61.00
109.50 58.50 51.00 61.00
109.50 58.50 51.00 61.00
109.50 58.50 51.00 61.00
109.50 62.50 51.00 61.00
109.50 62.50 51.00 61.00
109.50 62.50 51.00 61.00
109.50 62.50 51.00 61.00
109.50 62.50 51.00 61.00
113.50 66.50 51.00 61.00
113.50 66.50 51.00 61.00
113.50 66.50 51.00 61.00
113.50 66.50 51.00 61.00
113.50 66.50 51.00 61.00
113.50 66.50 51.00 61.00
113.50 66.50 51.00 61.00
113.50 66.50 51.00 61.00
113.50 66.50 51.00 61.00
113.50 66.50 51.00 61.00
113.50 66.50 51.00 61.00
113.50 66.50 51.00 61.00
113.50 66.50 51.00 61.00
113.50 66.50 51.00 61.00
113.50 66.50 51.00 61.00
113.50 66.50 51.00 61.00
109.50 66.50 51.00 61.00
109.50 66.50 51.00 61.00
109.50 66.50 51.00 61.00
109.50 66.50 51.00 61.00
105.50 66.50 51.00 61.00
105.50 66.50 51.00 61.00
101.50 66.50 51.00 61.00
101.50 66.50 51.00 61.00
101.50 66.50 51.00 61.00
101.50 66.50 51.00 61.00
101.50 66.50 51.00 61.00
101.50 66.50 51.00 61.00
101.50 66.50 51.00 61.00
105.50 66.50 51.00 61.00
105.50 66.50 51.00 61.00
105.50 66.50 51.00 61.00
105.50 66.50 51.00 61.00
105.50 66.50 51.00 61.00
105.50 66.50 51.00 61.00
105.50 66.50 51.00 61.00
105.50 66.50 51.00 61.00
105.50 66.50 51.00 61.00
105.50 66.50 51.00 61.00
105.50 66.50 51.00 61.00
105.50 66.50 51.00 61.00
105.50 66.50 51.00 61.00
105.50 66.50 51.00 61.00
105.50 66.50 51.00 61.00
105.50 66.50 51.00 61.00
105.50 66.50 51.00 61.00
105.50 66.50 51.00 61.00
105.50 66.50 51.00 61.00
105.50 66.50 51.00 61.00
105.50 66.50 51.00 61.00
105.50 66.50 51.00 61.00
105.50 66.50 51.00 61.00
105.50 66.50 51.00 61.00
101.50 66.50 51.00 61.00
101.50 62.50 51.00 61.00
101.50 62.50 51.00 61.00
101.50 62.50 51.00 61.00
101.50 62.50 51.00 61.00
101.50 62.50 51.00 61.00
101.50 62.50 51.00 61.00
101.50 62.50 51.00 61.00
101.50 62.50 51.00 61.00
101.50 66.50 51.00 61.00
101.50 66.50 51.00 61.00
101.50 66.50 51.00 61.00
101.50 66.50 51.00 61.00
101.50 66.50 51.00 61.00
101.50 66.50 51.00 61.00
101.50 66.50 51.00 61.00
101.50 66.50 51.00 61.00
101.50 66.50 51.00 61.00
101.50 66.50 51.00 61.00
101.50 66.50 51.00 61.00
101.50 66.50 51.00 61.00
101.50 66.50 51.00 61.00
105.50 66.50 51.00 61.00
105.50 66.50 51.00 61.00
105.50 66.50 51.00 61.00
105.50 66.50 51.00 61.00
105.50 70.50 51.00 61.00
105.50 70.50 51.00 61.00
105.50 70.50 51.00 61.00
105.50 70.50 51.00 61.00
105.50 70.50 51.00 61.00
105.50 70.50 51.00 61.00
105.50 70.50 51.00 61.00
105.50 70.50 51.00 61.00
105.50 70.50 51.00 61.00
105.50 70.50 51.00 61.00
105.50 70.50 51.00 61.00
105.50 70.50 51.00 61.00
105.50 70.50 51.00 61.00
101.50 70.50 51.00 61.00
101.50 70.50 51.00 61.00
101.50 70.50 51.00 61.00
101.50 70.50 51.00 61.00
101.50 70.50 51.00 61.00
101.50 70.50 51.00 61.00
101.50 70.50 51.00 61.00
101.50 70.50 51.00 61.00
101.50 70.50 51.00 61.00
101.50 70.50 51.00 61.00
101.50 70.50 51.00 61.00
101.50 70.50 51.00 61.00
101.50 70.50 51.00 61.00
101.50 70.50 51.00 61.00
101.50 70.50 51.00 61.00
101.50 70.50 51.00 61.00
101.50 70.50 51.00 61.00
101.50 70.50 51.00 61.00
101.50 70.50 51.00 61.00
101.50 70.50 51.00 61.00
101.50 70.50 51.00 61.00
101.50 70.50 51.00 61.00
101.50 70.50 51.00 61.00
101.50 70.50 51.00 61.00
101.50 70.50 51.00 61.00
101.50 70.50 51.00 61.00
101.50 70.50 51.00 61.00
101.50 70.50 51.00 61.00
101.50 70.50 51.00 61.00
101.50 70.50 51.00 61.00
101.50 70.50 51.00 61.00
101.50 70.50 51.00 61.00
101.50 70.50 51.00 61.00
101.50 70.50 51.00 61.00
101.50 70.50 51.00 61.00
101.50 70.50 51.00 61.00
101.50 70.50 51.00 61.00
101.50 70.50 51.00 61.00
101.50 66.50 51.00 61.00
101.50 66.50 51.00 61.00
101.50 62.50 51.00 61.00
101.50 62.50 51.00 61.00
101.50 62.50 51.00 61.00
101.50 58.50 51.00 61.00
101.50 58.50 51.00 61.00
101.50 54.50 51.00 61.00
101.50 54.50 51.00 61.00
97.50 50.50 51.00 61.00
97.50 50.50 51.00 61.00
97.50 46.50 51.00 61.00
97.50 46.50 51.00 61.00
97.50 46.50 51.00 61.00
97.50 42.50 51.00 61.00
97.50 42.50 51.00 61.00
97.50 42.50 51.00 61.00
97.50 42.50 51.00 61.00
97.50 42.50 51.00 61.00
101.50 42.50 51.00 61.00
101.50 42.50 51.00 61.00
101.50 42.50 51.00 61.00
101.50 46.50 51.00 61.00
105.50 46.50 51.00 61.00
105.50 46.50 51.00 61.00
105.50 50.50 51.00 61.00
109.50 50.50 51.00 61.00
109.50 50.50 51.00 61.00
109.50 50.50 51.00 61.00
109.50 50.50 51.00 61.00
113.50 54.50 51.00 61.00
113.50 54.50 51.00 61.00
113.50 54.50 51.00 61.00
113.50 54.50 51.00 61.00
113.50 54.50 51.00 61.00
113.50 54.50 51.00 61.00
113.50 54.50 51.00 61.00
113.50 58.50 51.00 61.00
117.50 58.50 51.00 61.00
117.50 58.50 51.00 61.00
117.50 62.50 51.00 61.00
117.50 62.50 51.00 61.00
117.50 62.50 51.00 61.00
117.50 62.50 51.00 61.00
117.50 66.50 51.00 61.00
117.50 66.50 51.00 61.00
117.50 70.50 51.00 61.00
117.50 70.50 51.00 61.00
117.50 70.50 51.00 61.00
117.50 74.50 51.00 61.00
117.50 74.50 51.00 61.00
117.50 74.50 51.00 61.00
117.50 74.50 51.00 61.00
113.50 74.50 51.00 61.00
113.50 74.50 51.00 61.00
113.50 74.50 51.00 61.00
113.50 74.50 51.00 61.00
113.50 74.50 51.00 61.00
113.50 74.50 51.00 61.00
113.50 74.50 51.00 61.00
113.50 74.50 51.00 61.00
109.50 74.50 51.00 61.00
109.50 74.50 51.00 61.00
109.50 74.50 51.00 61.00
105.50 74.50 51.00 61.00
105.50 74.50 51.00 61.00
105.50 70.50 51.00 61.00
101.50 70.50 51.00 61.00
101.50 70.50 51.00 61.00
101.50 70.50 51.00 61.00
97.50 70.50 51.00 61.00
97.50 70.50 51.00 61.00
97.50 70.50 51.00 61.00
93.50 66.50 51.00 61.00
93.50 66.50 51.00 61.00
93.50 66.50 51.00 61.00
89.50 66.50 51.00 61.00
89.50 66.50 51.00 61.00
89.50 66.50 51.00 61.00
85.50 66.50 51.00 61.00
85.50 66.50 51.00 61.00
85.50 66.50 51.00 61.00
81.50 66.50 51.00 61.00
81.50 66.50 51.00 61.00
77.50 66.50 51.00 61.00
77.50 66.50 51.00 61.00
77.50 66.50 51.00 61.00
73.50 66.50 51.00 61.00
73.50 66.50 51.00 61.00
73.50 66.50 51.00 61.00
69.50 66.50 51.00 61.00
69.50 66.50 51.00 61.00
69.50 66.50 51.00 61.00
65.50 66.50 51.00 61.00
65.50 66.50 51.00 61.00
65.50 66.50 51.00 61.00
61.50 66.50 51.00 61.00
61.50 66.50 51.00 61.00
57.50 66.50 51.00 61.00
57.50 66.50 51.00 61.00
57.50 66.50 51.00 61.00
53.50 66.50 51.00 61.00
53.50 66.50 51.00 61.00
53.50 66.50 51.00 61.00
53.50 66.50 51.00 61.00
53.50 66.50 51.00 61.00
53.50 66.50 51.00 61.00
53.50 66.50 51.00 61.00
53.50 66.50 51.00 61.00
53.50 66.50 51.00 61.00
53.50 62.50 51.00 61.00
57.50 62.50 51.00 61.00
57.50 62.50 51.00 61.00
57.50 62.50 51.00 61.00
61.50 58.50 51.00 61.00
61.50 58.50 51.00 61.00
61.50 58.50 51.00 61.00
65.50 54.50 51.00 61.00
65.50 54.50 51.00 61.00
65.50 50.50 51.00 61.00
65.50 50.50 51.00 61.00
69.50 50.50 51.00 61.00
69.50 46.50 51.00 61.00
69.50 46.50 51.00 61.00
73.50 46.50 51.00 61.00
73.50 42.50 51.00 61.00
77.50 42.50 51.00 61.00
77.50 42.50 51.00 61.00
81.50 42.50 51.00 61.00
81.50 38.50 51.00 61.00
85.50 38.50 51.00 61.00
85.50 38.50 51.00 61.00
89.50 38.50 51.00 61.00
89.50 38.50 51.00 61.00
93.50 42.50 51.00 61.00
93.50 42.50 51.00 61.00
97.50 42.50 51.00 61.00
97.50 42.50 51.00 61.00
101.50 46.50 51.00 61.00
101.50 46.50 51.00 61.00
101.50 46.50 51.00 61.00
101.50 50.50 51.00 61.00
101.50 50.50 51.00 61.00
105.50 54.50 51.00 61.00
105.50 54.50 51.00 61.00
105.50 58.50 51.00 61.00
105.50 58.50 51.00 61.00
105.50 62.50 51.00 61.00
105.50 62.50 51.00 61.00
105.50 66.50 51.00 61.00
105.50 66.50 51.00 61.00
105.50 70.50 51.00 61.00
105.50 70.50 51.00 61.00
105.50 74.50 51.00 61.00
105.50 74.50 51.00 61.00
105.50 78.50 51.00 61.00
105.50 82.50 51.00 61.00
105.50 82.50 51.00 61.00
105.50 86.50 51.00 61.00
109.50 90.50 51.00 61.00
109.50 90.50 51.00 61.00
109.50 94.50 51.00 61.00
109.50 98.50 51.00 61.00
109.50 98.50 51.00 61.00
109.50 102.50 51.00 61.00
109.50 102.50 51.00 61.00
105.50 106.50 51.00 61.00
105.50 110.50 51.00 61.00
105.50 110.50 51.00 61.00
105.50 114.50 51.00 61.00
105.50 114.50 51.00 61.00
105.50 118.50 51.00 61.00
105.50 122.50 51.00 61.00
105.50 122.50 51.00 61.00
105.50 126.50 51.00 61.00
105.50 126.50 51.00 61.00
105.50 130.50 51.00 61.00
105.50 130.50 51.00 61.00
105.50 134.50 51.00 61.00
105.50 134.50 51.00 61.00
101.50 138.50 51.00 61.00
101.50 138.50 51.00 61.00
101.50 142.50 51.00 61.00
101.50 142.50 51.00 61.00
101.50 142.50 51.00 61.00
101.50 146.50 51.00 61.00
101.50 146.50 51.00 61.00
101.50 146.50 51.00 61.00
97.50 150.50 51.00 61.00
97.50 150.50 51.00 61.00
97.50 150.50 51.00 61.00
97.50 154.50 51.00 61.00
97.50 154.50 51.00 61.00
93.50 154.50 51.00 61.00
93.50 154.50 51.00 61.00
93.50 154.50 51.00 61.00
93.50 154.50 51.00 61.00
89.50 154.50 51.00 61.00
89.50 158.50 51.00 61.00
89.50 158.50 51.00 61.00
89.50 158.50 51.00 61.00
89.50 158.50 51.00 61.00
85.50 154.50 51.00 61.00
85.50 154.50 51.00 61.00
85.50 150.50 51.00 61.00
85.50 146.50 51.00 61.00
85.50 146.50 51.00 61.00
85.50 142.50 51.00 61.00
85.50 138.50 51.00 61.00
85.50 134.50 51.00 61.00
85.50 130.50 51.00 61.00
85.50 126.50 51.00 61.00
85.50 122.50 51.00 61.00
85.50 118.50 51.00 61.00
85.50 114.50 51.00 61.00
85.50 110.50 51.00 61.00
89.50 106.50 51.00 61.00
89.50 106.50 51.00 61.00
89.50 102.50 51.00 61.00
93.50 98.50 51.00 61.00
93.50 98.50 51.00 61.00
93.50 98.50 51.00 61.00
97.50 98.50 51.00 61.00
97.50 94.50 51.00 61.00
101.50 94.50 51.00 61.00
101.50 90.50 51.00 61.00
101.50 90.50 51.00 61.00
105.50 90.50 51.00 61.00
105.50 90.50 51.00 61.00
109.50 90.50 51.00 61.00
109.50 90.50 51.00 61.00
113.50 90.50 51.00 61.00
113.50 90.50 51.00 61.00
113.50 90.50 51.00 61.00
117.50 90.50 51.00 61.00
117.50 90.50 51.00 61.00
117.50 90.50 51.00 61.00
121.50 90.50 51.00 61.00
121.50 90.50 51.00 61.00
125.50 86.50 51.00 61.00
125.50 86.50 51.00 61.00
129.50 86.50 51.00 61.00
129.50 86.50 51.00 61.00
133.50 86.50 51.00 61.00
133.50 86.50 51.00 61.00
137.50 86.50 51.00 61.00
141.50 86.50 51.00 61.00
141.50 86.50 51.00 61.00
145.50 86.50 51.00 61.00
149.50 86.50 51.00 61.00
149.50 86.50 51.00 61.00
153.50 86.50 51.00 61.00
153.50 86.50 51.00 61.00
157.50 86.50 51.00 61.00
157.50 90.50 51.00 61.00
161.50 90.50 51.00 61.00
161.50 94.50 51.00 61.00
161.50 94.50 51.00 61.00
161.50 98.50 51.00 61.00
165.50 102.50 51.00 61.00
165.50 102.50 51.00 61.00
165.50 106.50 51.00 61.00
165.50 106.50 51.00 61.00
165.50 110.50 51.00 61.00
169.50 110.50 51.00 61.00
169.50 110.50 51.00 61.00
173.50 110.50 51.00 61.00
173.50 106.50 51.00 61.00
177.50 106.50 51.00 61.00
177.50 102.50 51.00 61.00
177.50 98.50 51.00 61.00
177.50 94.50 51.00 61.00
181.50 90.50 51.00 61.00
181.50 86.50 51.00 61.00
181.50 82.50 51.00 61.00
181.50 82.50 51.00 61.00
181.50 78.50 51.00 61.00
181.50 74.50 51.00 61.00
181.50 74.50 51.00 61.00
181.50 70.50 51.00 61.00
181.50 70.50 51.00 61.00
181.50 66.50 51.00 61.00
181.50 62.50 51.00 61.00
181.50 58.50 51.00 61.00
181.50 58.50 51.00 61.00
181.50 54.50 51.00 61.00
181.50 50.50 51.00 61.00
181.50 50.50 51.00 61.00
181.50 50.50 51.00 61.00
181.50 46.50 51.00 61.00
181.50 46.50 51.00 61.00
181.50 46.50 51.00 61.00
177.50 46.50 51.00 61.00
177.50 50.50 51.00 61.00
177.50 50.50 51.00 61.00
173.50 50.50 51.00 61.00
173.50 54.50 51.00 61.00
169.50 54.50 51.00 61.00
169.50 54.50 51.00 61.00
165.50 58.50 51.00 61.00
165.50 58.50 51.00 61.00
161.50 62.50 51.00 61.00
157.50 62.50 51.00 61.00
157.50 62.50 51.00 61.00
153.50 62.50 51.00 61.00
149.50 62.50 51.00 61.00
149.50 66.50 51.00 61.00
145.50 66.50 51.00 61.00
141.50 66.50 51.00 61.00
137.50 66.50 51.00 61.00
137.50 66.50 51.00 61.00
133.50 66.50 51.00 61.00
129.50 70.50 51.00 61.00
125.50 70.50 51.00 61.00
125.50 70.50 51.00 61.00
125.50 74.50 51.00 61.00
125.50 70.50 51.00 61.00
125.50 70.50 51.00 61.00
129.50 70.50 51.00 61.00
133.50 70.50 51.00 61.00
141.50 66.50 51.00 61.00
145.50 66.50 51.00 61.00
149.50 66.50 51.00 61.00
153.50 66.50 51.00 61.00
153.50 66.50 51.00 61.00
157.50 66.50 51.00 61.00
157.50 66.50 51.00 61.00
157.50 66.50 51.00 61.00
157.50 66.50 51.00 61.00
153.50 66.50 51.00 61.00
153.50 66.50 51.00 61.00
149.50 66.50 51.00 61.00
145.50 70.50 51.00 61.00
145.50 70.50 51.00 61.00
141.50 74.50 51.00 61.00
137.50 74.50 51.00 61.00
133.50 78.50 51.00 61.00
129.50 78.50 51.00 61.00
125.50 78.50 51.00 61.00
121.50 82.50 51.00 61.00
117.50 82.50 51.00 61.00
117.50 82.50 51.00 61.00
113.50 86.50 51.00 61.00
109.50 90.50 51.00 61.00
109.50 90.50 51.00 61.00
109.50 94.50 51.00 61.00
109.50 98.50 51.00 61.00
109.50 98.50 51.00 61.00
109.50 102.50 51.00 61.00
109.50 106.50 51.00 61.00
109.50 110.50 51.00 61.00
113.50 110.50 51.00 61.00
113.50 114.50 51.00 61.00
113.50 118.50 51.00 61.00
113.50 118.50 51.00 61.00
113.50 118.50 51.00 61.00
113.50 118.50 51.00 61.00
113.50 122.50 51.00 61.00
109.50 122.50 51.00 61.00
109.50 122.50 51.00 61.00
109.50 122.50 51.00 61.00
109.50 122.50 51.00 61.00
109.50 122.50 51.00 61.00
105.50 122.50 51.00 61.00
105.50 122.50 51.00 61.00
105.50 122.50 51.00 61.00
105.50 118.50 51.00 61.00
105.50 118.50 51.00 61.00
105.50 114.50 51.00 61.00
105.50 110.50 51.00 61.00
101.50 110.50 51.00 61.00
101.50 106.50 51.00 61.00
101.50 102.50 51.00 61.00
101.50 102.50 51.00 61.00
101.50 98.50 51.00 61.00
101.50 98.50 51.00 61.00
101.50 94.50 51.00 61.00
101.50 94.50 51.00 61.00
101.50 90.50 51.00 61.00
101.50 90.50 51.00 61.00
101.50 86.50 51.00 61.00
101.50 82.50 51.00 61.00
101.50 82.50 51.00 61.00
101.50 78.50 51.00 61.00
101.50 78.50 51.00 61.00
101.50 74.50 51.00 61.00
101.50 70.50 51.00 61.00
101.50 70.50 51.00 61.00
101.50 66.50 51.00 61.00
101.50 66.50 51.00 61.00
101.50 62.50 51.00 61.00
101.50 62.50 51.00 61.00
101.50 58.50 51.00 61.00
97.50 58.50 51.00 61.00
97.50 58.50 51.00 61.00
93.50 58.50 51.00 61.00
89.50 58.50 51.00 61.00
89.50 58.50 51.00 61.00
85.50 58.50 51.00 61.00
85.50 58.50 51.00 61.00
85.50 54.50 51.00 61.00
81.50 54.50 51.00 61.00
81.50 54.50 51.00 61.00
81.50 54.50 51.00 61.00
81.50 54.50 51.00 61.00
81.50 54.50 51.00 61.00
81.50 58.50 51.00 61.00
81.50 58.50 51.00 61.00
77.50 62.50 51.00 61.00
77.50 62.50 51.00 61.00
77.50 62.50 51.00 61.00
77.50 66.50 51.00 61.00
77.50 66.50 51.00 61.00
77.50 66.50 51.00 61.00
77.50 66.50 51.00 61.00
73.50 70.50 51.00 61.00
73.50 70.50 51.00 61.00
73.50 74.50 51.00 61.00
73.50 74.50 51.00 61.00
69.50 78.50 51.00 61.00
69.50 78.50 51.00 61.00
73.50 78.50 51.00 61.00
73.50 82.50 51.00 61.00
73.50 86.50 51.00 61.00
73.50 86.50 51.00 61.00
73.50 86.50 51.00 61.00
77.50 86.50 51.00 61.00
77.50 82.50 51.00 61.00
81.50 82.50 51.00 61.00
81.50 78.50 51.00 61.00
81.50 74.50 51.00 61.00
85.50 70.50 51.00 61.00
85.50 70.50 51.00 61.00
85.50 66.50 51.00 61.00
89.50 66.50 51.00 61.00
93.50 62.50 51.00 61.00
97.50 62.50 51.00 61.00
97.50 58.50 51.00 61.00
101.50 58.50 51.00 61.00
101.50 54.50 51.00 61.00
101.50 54.50 51.00 61.00
101.50 54.50 51.00 61.00
101.50 54.50 51.00 61.00
101.50 54.50 51.00 61.00
101.50 50.50 51.00 61.00
101.50 50.50 51.00 61.00
101.50 50.50 51.00 61.00
101.50 50.50 51.00 61.00
101.50 50.50 51.00 61.00
101.50 46.50 51.00 61.00
101.50 46.50 51.00 61.00
101.50 46.50 51.00 61.00
97.50 42.50 51.00 61.00
97.50 42.50 51.00 61.00
97.50 42.50 51.00 61.00
97.50 42.50 51.00 61.00
93.50 42.50 51.00 61.00
93.50 42.50 51.00 61.00
89.50 42.50 51.00 61.00
89.50 42.50 51.00 61.00
89.50 42.50 51.00 61.00
85.50 42.50 51.00 61.00
85.50 42.50 51.00 61.00
81.50 42.50 51.00 61.00
81.50 38.50 51.00 61.00
81.50 38.50 51.00 61.00
77.50 34.50 51.00 61.00
77.50 34.50 51.00 61.00
77.50 34.50 51.00 61.00
73.50 30.50 51.00 61.00
73.50 30.50 51.00 61.00
73.50 26.50 51.00 61.00
69.50 26.50 51.00 61.00
69.50 26.50 51.00 61.00
69.50 26.50 51.00 61.00
69.50 26.50 51.00 61.00
69.50 26.50 51.00 61.00
69.50 26.50 51.00 61.00
69.50 30.50 51.00 61.00
69.50 30.50 51.00 61.00
69.50 34.50 51.00 61.00
73.50 34.50 51.00 61.00
73.50 38.50 51.00 61.00
73.50 38.50 51.00 61.00
77.50 42.50 51.00 61.00
77.50 42.50 51.00 61.00
77.50 46.50 51.00 61.00
77.50 46.50 51.00 61.00
81.50 50.50 51.00 61.00
81.50 50.50 51.00 61.00
81.50 50.50 51.00 61.00
85.50 50.50 51.00 61.00
85.50 50.50 51.00 61.00
89.50 50.50 51.00 61.00
89.50 50.50 51.00 61.00
93.50 46.50 51.00 61.00
97.50 46.50 51.00 61.00
97.50 46.50 51.00 61.00
101.50 42.50 51.00 61.00
101.50 42.50 51.00 61.00
105.50 38.50 51.00 61.00
109.50 38.50 51.00 61.00
109.50 34.50 51.00 61.00
113.50 34.50 51.00 61.00
117.50 34.50 51.00 61.00
117.50 34.50 51.00 61.00
121.50 30.50 51.00 61.00
121.50 30.50 51.00 61.00
125.50 30.50 51.00 61.00
125.50 30.50 51.00 61.00
129.50 30.50 51.00 61.00
133.50 30.50 51.00 61.00
133.50 30.50 51.00 61.00
137.50 30.50 51.00 61.00
137.50 30.50 51.00 61.00
141.50 30.50 51.00 61.00
141.50 30.50 51.00 61.00
145.50 30.50 51.00 61.00
145.50 30.50 51.00 61.00
149.50 30.50 51.00 61.00
149.50 30.50 51.00 61.00
149.50 30.50 51.00 61.00
153.50 30.50 51.00 61.00
153.50 30.50 51.00 61.00
157.50 30.50 51.00 61.00
157.50 34.50 51.00 61.00
157.50 34.50 51.00 61.00
161.50 34.50 51.00 61.00
161.50 38.50 51.00 61.00
161.50 38.50 51.00 61.00
161.50 38.50 51.00 61.00
165.50 42.50 51.00 61.00
165.50 42.50 51.00 61.00
169.50 46.50 51.00 61.00
169.50 46.50 51.00 61.00
169.50 50.50 51.00 61.00
169.50 50.50 51.00 61.00
169.50 50.50 51.00 61.00
169.50 54.50 51.00 61.00
169.50 54.50 51.00 61.00
169.50 54.50 51.00 61.00
169.50 58.50 51.00 61.00
169.50 58.50 51.00 61.00
169.50 58.50 51.00 61.00
169.50 58.50 51.00 61.00
165.50 58.50 51.00 61.00
165.50 58.50 51.00 61.00
165.50 58.50 51.00 61.00
161.50 58.50 51.00 61.00
161.50 58.50 51.00 61.00
161.50 58.50 51.00 61.00
161.50 58.50 51.00 61.00
161.50 58.50 51.00 61.00
157.50 58.50 51.00 61.00
153.50 58.50 51.00 61.00
153.50 58.50 51.00 61.00
149.50 58.50 51.00 61.00
145.50 58.50 51.00 61.00
141.50 58.50 51.00 61.00
137.50 58.50 51.00 61.00
133.50 62.50 51.00 61.00
129.50 62.50 51.00 61.00
125.50 62.50 51.00 61.00
121.50 62.50 51.00 61.00
117.50 66.50 51.00 61.00
113.50 66.50 51.00 61.00
109.50 66.50 51.00 61.00
109.50 66.50 51.00 61.00
105.50 66.50 51.00 61.00
105.50 66.50 51.00 61.00
101.50 70.50 51.00 61.00
101.50 70.50 51.00 61.00
97.50 74.50 51.00 61.00
93.50 74.50 51.00 61.00
93.50 74.50 51.00 61.00
89.50 74.50 51.00 61.00
89.50 74.50 51.00 61.00
89.50 74.50 51.00 61.00
89.50 74.50 51.00 61.00
89.50 78.50 51.00 61.00
89.50 78.50 51.00 61.00
89.50 82.50 51.00 61.00
93.50 82.50 51.00 61.00
93.50 86.50 51.00 61.00
93.50 90.50 51.00 61.00
93.50 98.50 51.00 61.00
93.50 102.50 51.00 61.00
93.50 106.50 51.00 61.00
93.50 110.50 51.00 61.00
93.50 110.50 51.00 61.00
93.50 114.50 51.00 61.00
93.50 118.50 51.00 61.00
93.50 122.50 51.00 61.00
93.50 126.50 51.00 61.00
93.50 126.50 51.00 61.00
93.50 130.50 51.00 61.00
93.50 130.50 51.00 61.00
93.50 130.50 51.00 61.00
93.50 126.50 51.00 61.00
93.50 122.50 51.00 61.00
93.50 118.50 51.00 61.00
93.50 114.50 51.00 61.00
93.50 106.50 51.00 61.00
89.50 102.50 51.00 61.00
89.50 94.50 51.00 61.00
89.50 90.50 51.00 61.00
89.50 86.50 51.00 61.00
89.50 82.50 51.00 61.00
89.50 78.50 51.00 61.00
89.50 74.50 51.00 61.00
89.50 70.50 51.00 61.00
89.50 70.50 51.00 61.00
93.50 66.50 51.00 61.00
97.50 66.50 51.00 61.00
97.50 66.50 51.00 61.00
101.50 66.50 51.00 61.00
105.50 62.50 51.00 61.00
109.50 62.50 51.00 61.00
113.50 62.50 51.00 61.00
113.50 66.50 51.00 61.00
117.50 66.50 51.00 61.00
121.50 66.50 51.00 61.00
121.50 66.50 51.00 61.00
125.50 66.50 51.00 61.00
129.50 66.50 51.00 61.00
129.50 66.50 51.00 61.00
129.50 66.50 51.00 61.00
129.50 66.50 51.00 61.00
129.50 66.50 51.00 61.00
129.50 66.50 51.00 61.00
125.50 66.50 51.00 61.00
125.50 66.50 51.00 61.00
121.50 66.50 51.00 61.00
121.50 66.50 51.00 61.00
117.50 66.50 51.00 61.00
113.50 66.50 51.00 61.00
113.50 66.50 51.00 61.00
109.50 66.50 51.00 61.00
105.50 66.50 51.00 61.00
101.50 70.50 51.00 61.00
101.50 70.50 51.00 61.00
97.50 70.50 51.00 61.00
93.50 70.50 51.00 61.00
93.50 74.50 51.00 61.00
89.50 74.50 51.00 61.00
89.50 74.50 51.00 61.00
85.50 78.50 51.00 61.00
85.50 78.50 51.00 61.00
85.50 78.50 51.00 61.00
85.50 82.50 51.00 61.00
85.50 82.50 51.00 61.00
85.50 86.50 51.00 61.00
85.50 90.50 51.00 61.00
85.50 94.50 51.00 61.00
85.50 98.50 51.00 61.00
85.50 102.50 51.00 61.00
89.50 106.50 51.00 61.00
89.50 110.50 51.00 61.00
89.50 114.50 51.00 61.00
89.50 118.50 51.00 61.00
89.50 118.50 51.00 61.00
93.50 118.50 51.00 61.00
93.50 118.50 51.00 61.00
93.50 122.50 51.00 61.00
97.50 122.50 51.00 61.00
97.50 122.50 51.00 61.00
101.50 122.50 51.00 61.00
105.50 122.50 51.00 61.00
109.50 118.50 51.00 61.00
113.50 114.50 51.00 61.00
113.50 110.50 51.00 61.00
113.50 106.50 51.00 61.00
113.50 102.50 51.00 61.00
113.50 98.50 51.00 61.00
113.50 94.50 51.00 61.00
113.50 90.50 51.00 61.00
113.50 86.50 51.00 61.00
109.50 86.50 51.00 61.00
109.50 82.50 51.00 61.00
109.50 82.50 51.00 61.00
105.50 78.50 51.00 61.00
105.50 78.50 51.00 61.00
101.50 74.50 51.00 61.00
101.50 74.50 51.00 61.00
97.50 74.50 51.00 61.00
97.50 74.50 51.00 61.00
93.50 70.50 51.00 61.00
93.50 70.50 51.00 61.00
89.50 66.50 51.00 61.00
89.50 66.50 51.00 61.00
89.50 66.50 51.00 61.00
89.50 62.50 51.00 61.00
93.50 62.50 51.00 61.00
93.50 58.50 51.00 61.00
93.50 58.50 51.00 61.00
97.50 58.50 51.00 61.00
97.50 58.50 51.00 61.00
101.50 58.50 51.00 61.00
101.50 58.50 51.00 61.00
105.50 58.50 51.00 61.00
105.50 58.50 51.00 61.00
105.50 58.50 51.00 61.00
105.50 58.50 51.00 61.00
109.50 58.50 51.00 61.00
109.50 58.50 51.00 61.00
109.50 58.50 51.00 61.00
113.50 58.50 51.00 61.00
117.50 58.50 51.00 61.00
117.50 58.50 51.00 61.00
117.50 58.50 51.00 61.00
121.50 58.50 51.00 61.00
121.50 58.50 51.00 61.00
125.50 58.50 51.00 61.00
125.50 58.50 51.00 61.00
125.50 58.50 51.00 61.00
129.50 58.50 51.00 61.00
129.50 58.50 51.00 61.00
129.50 58.50 51.00 61.00
129.50 58.50 51.00 61.00
129.50 58.50 51.00 61.00
129.50 58.50 51.00 61.00
129.50 58.50 51.00 61.00
133.50 58.50 51.00 61.00
133.50 58.50 51.00 61.00
133.50 58.50 51.00 61.00
133.50 58.50 51.00 61.00
133.50 58.50 51.00 61.00
133.50 58.50 51.00 61.00
133.50 58.50 51.00 61.00
137.50 58.50 51.00 61.00
137.50 58.50 51.00 61.00
137.50 62.50 51.00 61.00
137.50 66.50 51.00 61.00
137.50 70.50 51.00 61.00
137.50 74.50 51.00 61.00
137.50 78.50 51.00 61.00
137.50 82.50 51.00 61.00
137.50 82.50 51.00 61.00
137.50 86.50 51.00 61.00
137.50 86.50 51.00 61.00
137.50 90.50 51.00 61.00
133.50 90.50 51.00 61.00
133.50 94.50 51.00 61.00
133.50 94.50 51.00 61.00
133.50 98.50 51.00 61.00
133.50 98.50 51.00 61.00
133.50 98.50 51.00 61.00
133.50 98.50 51.00 61.00
133.50 98.50 51.00 61.00
133.50 94.50 51.00 61.00
133.50 90.50 51.00 61.00
133.50 90.50 51.00 61.00
133.50 86.50 51.00 61.00
133.50 82.50 51.00 61.00
129.50 82.50 51.00 61.00
129.50 78.50 51.00 61.00
129.50 74.50 51.00 61.00
129.50 70.50 51.00 61.00
129.50 70.50 51.00 61.00
129.50 66.50 51.00 61.00
125.50 62.50 51.00 61.00
125.50 62.50 51.00 61.00
125.50 58.50 51.00 61.00
121.50 58.50 51.00 61.00
121.50 58.50 51.00 61.00
117.50 58.50 51.00 61.00
113.50 58.50 51.00 61.00
113.50 54.50 51.00 61.00
109.50 54.50 51.00 61.00
105.50 54.50 51.00 61.00
101.50 54.50 51.00 61.00
101.50 54.50 51.00 61.00
97.50 54.50 51.00 61.00
93.50 54.50 51.00 61.00
89.50 54.50 51.00 61.00
85.50 54.50 51.00 61.00
85.50 54.50 51.00 61.00
81.50 54.50 51.00 61.00
77.50 54.50 51.00 61.00
77.50 54.50 51.00 61.00
73.50 54.50 51.00 61.00
73.50 54.50 51.00 61.00
69.50 54.50 51.00 61.00
69.50 54.50 51.00 61.00
69.50 54.50 51.00 61.00
69.50 54.50 51.00 61.00
69.50 54.50 51.00 61.00
69.50 58.50 51.00 61.00
69.50 58.50 51.00 61.00
69.50 58.50 51.00 61.00
73.50 58.50 51.00 61.00
77.50 58.50 51.00 61.00
81.50 58.50 51.00 61.00
85.50 62.50 51.00 61.00
89.50 62.50 51.00 61.00
93.50 62.50 51.00 61.00
97.50 62.50 51.00 61.00
101.50 66.50 51.00 61.00
105.50 66.50 51.00 61.00
109.50 66.50 51.00 61.00
113.50 66.50 51.00 61.00
117.50 66.50 51.00 61.00
121.50 66.50 51.00 61.00
125.50 66.50 51.00 61.00
129.50 66.50 51.00 61.00
133.50 66.50 51.00 61.00
137.50 66.50 51.00 61.00
141.50 66.50 51.00 61.00
145.50 66.50 51.00 61.00
149.50 66.50 51.00 61.00
153.50 66.50 51.00 61.00
157.50 66.50 51.00 61.00
161.50 66.50 51.00 61.00
161.50 70.50 51.00 61.00
165.50 70.50 51.00 61.00
169.50 74.50 51.00 61.00
169.50 78.50 51.00 61.00
169.50 82.50 51.00 61.00
173.50 82.50 51.00 61.00
173.50 86.50 51.00 61.00
173.50 90.50 51.00 61.00
173.50 94.50 51.00 61.00
173.50 98.50 51.00 61.00
173.50 102.50 51.00 61.00
173.50 106.50 51.00 61.00
173.50 110.50 51.00 61.00
173.50 114.50 51.00 61.00
173.50 118.50 51.00 61.00
173.50 122.50 51.00 61.00
173.50 126.50 51.00 61.00
173.50 130.50 51.00 61.00
173.50 134.50 51.00 61.00
173.50 142.50 51.00 61.00
173.50 146.50 51.00 61.00
173.50 146.50 51.00 61.00
173.50 146.50 51.00 61.00
173.50 146.50 51.00 61.00
173.50 146.50 51.00 61.00
173.50 142.50 51.00 61.00
173.50 142.50 51.00 61.00
173.50 142.50 51.00 61.00
173.50 142.50 51.00 61.00
173.50 142.50 51.00 61.00
173.50 138.50 51.00 61.00
173.50 138.50 51.00 61.00
169.50 130.50 51.00 61.00
169.50 126.50 51.00 61.00
169.50 122.50 51.00 61.00
165.50 114.50 51.00 61.00
165.50 110.50 51.00 61.00
165.50 106.50 51.00 61.00
161.50 102.50 51.00 61.00
161.50 98.50 51.00 61.00
161.50 94.50 51.00 61.00
157.50 94.50 51.00 61.00
157.50 90.50 51.00 61.00
153.50 86.50 51.00 61.00
153.50 86.50 51.00 61.00
149.50 82.50 51.00 61.00
149.50 82.50 51.00 61.00
145.50 82.50 51.00 61.00
141.50 82.50 51.00 61.00
141.50 82.50 51.00 61.00
137.50 82.50 51.00 61.00
137.50 82.50 51.00 61.00
133.50 82.50 51.00 61.00
129.50 86.50 51.00 61.00
125.50 86.50 51.00 61.00
121.50 86.50 51.00 61.00
117.50 90.50 51.00 61.00
113.50 90.50 51.00 61.00
113.50 90.50 51.00 61.00
121.50 90.50 51.00 61.00
121.50 94.50 51.00 61.00
117.50 98.50 51.00 61.00
117.50 102.50 51.00 61.00
117.50 102.50 51.00 61.00
117.50 106.50 51.00 61.00
117.50 106.50 51.00 61.00
117.50 106.50 51.00 61.00
117.50 106.50 51.00 61.00
117.50 106.50 51.00 61.00
117.50 106.50 51.00 61.00
117.50 106.50 51.00 61.00
117.50 106.50 51.00 61.00
117.50 106.50 51.00 61.00
117.50 106.50 51.00 61.00
117.50 106.50 51.00 61.00
117.50 106.50 51.00 61.00
117.50 106.50 51.00 61.00
117.50 106.50 51.00 61.00
117.50 106.50 51.00 61.00
117.50 106.50 51.00 61.00
117.50 106.50 51.00 61.00
117.50 106.50 51.00 61.00
117.50 106.50 51.00 61.00
117.50 106.50 51.00 61.00
117.50 106.50 51.00 61.00
117.50 106.50 51.00 61.00
117.50 106.50 51.00 61.00
117.50 106.50 51.00 61.00
117.50 106.50 51.00 61.00
117.50 106.50 51.00 61.00
117.50 106.50 51.00 61.00
117.50 106.50 51.00 61.00
117.50 106.50 51.00 61.00
117.50 106.50 51.00 61.00
117.50 106.50 51.00 61.00
117.50 106.50 51.00 61.00
117.50 106.50 51.00 61.00
117.50 106.50 51.00 61.00
117.50 106.50 51.00 61.00
117.50 106.50 51.00 61.00
117.50 106.50 51.00 61.00
117.50 106.50 51.00 61.00
117.50 106.50 51.00 61.00
117.50 106.50 51.00 61.00
117.50 106.50 51.00 61.00
117.50 106.50 51.00 61.00
117.50 106.50 51.00 61.00
117.50 106.50 51.00 61.00
117.50 106.50 51.00 61.00
117.50 106.50 51.00 61.00
117.50 106.50 51.00 61.00
117.50 106.50 51.00 61.00
117.50 106.50 51.00 61.00
117.50 106.50 51.00 61.00
117.50 106.50 51.00 61.00
117.50 106.50 51.00 61.00
117.50 106.50 51.00 61.00
117.50 106.50 51.00 61.00
117.50 106.50 51.00 61.00
117.50 106.50 51.00 61.00
117.50 106.50 51.00 61.00
117.50 106.50 51.00 61.00
117.50 106.50 51.00 61.00
117.50 106.50 51.00 61.00
117.50 106.50 51.00 61.00
117.50 106.50 51.00 61.00
117.50 106.50 51.00 61.00
117.50 106.50 51.00 61.00
117.50 106.50 51.00 61.00
117.50 106.50 51.00 61.00
117.50 106.50 51.00 61.00
117.50 106.50 51.00 61.00
117.50 106.50 51.00 61.00
117.50 106.50 51.00 61.00
117.50 106.50 51.00 61.00
117.50 106.50 51.00 61.00
117.50 106.50 51.00 61.00
117.50 106.50 51.00 61.00
117.50 106.50 51.00 61.00
117.50 106.50 51.00 61.00
117.50 106.50 51.00 61.00
117.50 106.50 51.00 61.00
117.50 106.50 51.00 61.00
117.50 106.50 51.00 61.00
117.50 106.50 51.00 61.00
117.50 106.50 51.00 61.00
117.50 106.50 51.00 61.00
117.50 106.50 51.00 61.00
117.50 106.50 51.00 61.00
117.50 106.50 51.00 61.00
117.50 106.50 51.00 61.00
117.50 106.50 51.00 61.00
117.50 106.50 51.00 61.00
117.50 106.50 51.00 61.00
117.50 106.50 51.00 61.00
117.50 106.50 51.00 61.00
117.50 106.50 51.00 61.00
117.50 106.50 51.00 61.00
117.50 106.50 51.00 61.00
117.50 106.50 51.00 61.00
117.50 106.50 51.00 61.00
117.50 106.50 51.00 61.00
117.50 106.50 51.00 61.00
117.50 106.50 51.00 61.00
117.50 106.50 51.00 61.00
117.50 106.50 51.00 61.00
117.50 106.50 51.00 61.00
117.50 106.50 51.00 61.00
117.50 106.50 51.00 61.00
117.50 106.50 51.00 61.00
117.50 106.50 51.00 61.00
117.50 106.50 51.00 61.00
117.50 106.50 51.00 61.00
117.50 106.50 51.00 61.00
117.50 106.50 51.00 61.00
117.50 106.50 51.00 61.00
117.50 106.50 51.00 61.00
117.50 106.50 51.00 61.00
117.50 106.50 51.00 61.00
117.50 106.50 51.00 61.00
117.50 106.50 51.00 61.00
117.50 106.50 51.00 61.00
117.50 106.50 51.00 61.00
117.50 106.50 51.00 61.00
117.50 106.50 51.00 61.00
117.50 106.50 51.00 61.00
117.50 106.50 51.00 61.00
117.50 106.50 51.00 61.00
117.50 106.50 51.00 61.00
117.50 106.50 51.00 61.00
117.50 106.50 51.00 61.00
117.50 106.50 51.00 61.00
117.50 106.50 51.00 61.00
117.50 106.50 51.00 61.00
117.50 106.50 51.00 61.00
117.50 106.50 51.00 61.00
117.50 106.50 51.00 61.00
117.50 106.50 51.00 61.00
117.50 106.50 51.00 61.00
117.50 106.50 51.00 61.00
117.50 106.50 51.00 61.00
117.50 106.50 51.00 61.00
117.50 106.50 51.00 61.00
117.50 106.50 51.00 61.00
117.50 106.50 51.00 61.00
117.50 106.50 51.00 61.00
117.50 106.50 51.00 61.00
117.50 106.50 51.00 61.00
117.50 106.50 51.00 61.00
117.50 106.50 51.00 61.00
117.50 106.50 51.00 61.00
117.50 106.50 51.00 61.00
117.50 106.50 51.00 61.00
117.50 106.50 51.00 61.00
117.50 106.50 51.00 61.00
117.50 106.50 51.00 61.00
117.50 106.50 51.00 61.00
117.50 106.50 51.00 61.00
117.50 106.50 51.00 61.00
117.50 106.50 51.00 61.00
117.50 106.50 51.00 61.00
117.50 106.50 51.00 61.00
117.50 106.50 51.00 61.00
117.50 106.50 51.00 61.00
117.50 106.50 51.00 61.00
117.50 106.50 51.00 61.00
117.50 106.50 51.00 61.00
117.50 106.50 51.00 61.00
117.50 106.50 51.00 61.00
117.50 106.50 51.00 61.00
117.50 106.50 51.00 61.00
117.50 106.50 51.00 61.00
117.50 106.50 51.00 61.00
117.50 106.50 51.00 61.00
117.50 106.50 51.00 61.00
117.50 106.50 51.00 61.00
117.50 106.50 51.00 61.00
117.50 106.50 51.00 61.00
117.50 106.50 51.00 61.00
117.50 106.50 51.00 61.00
117.50 106.50 51.00 61.00
117.50 106.50 51.00 61.00
117.50 106.50 51.00 61.00
117.50 106.50 51.00 61.00
117.50 106.50 51.00 61.00
117.50 106.50 51.00 61.00
117.50 106.50 51.00 61.00
117.50 106.50 51.00 61.00
117.50 106.50 51.00 61.00
117.50 106.50 51.00 61.00
117.50 106.50 51.00 61.00
117.50 106.50 51.00 61.00
117.50 106.50 51.00 61.00
117.50 106.50 51.00 61.00
117.50 106.50 51.00 61.00
117.50 106.50 51.00 61.00
117.50 106.50 51.00 61.00
117.50 106.50 51.00 61.00
117.50 106.50 51.00 61.00
117.50 106.50 51.00 61.00
117.50 106.50 51.00 61.00
117.50 106.50 51.00 61.00
117.50 106.50 51.00 61.00
117.50 106.50 51.00 61.00
117.50 106.50 51.00 61.00
117.50 106.50 51.00 61.00
117.50 106.50 51.00 61.00
117.50 106.50 51.00 61.00
117.50 106.50 51.00 61.00
117.50 106.50 51.00 61.00
117.50 106.50 51.00 61.00
117.50 106.50 51.00 61.00
117.50 106.50 51.00 61.00
117.50 106.50 51.00 61.00
117.50 106.50 51.00 61.00
117.50 106.50 51.00 61.00
117.50 106.50 51.00 61.00
117.50 106.50 51.00 61.00
