117.00 69.00 114.00 162.00
117.00 69.00 114.00 162.00
117.00 69.00 114.00 162.00
117.00 69.00 114.00 162.00
117.00 69.00 114.00 162.00
117.00 69.00 114.00 162.00
117.00 69.00 114.00 162.00
117.00 69.00 114.00 162.00
117.00 69.00 114.00 162.00
117.00 69.00 114.00 162.00
117.00 69.00 114.00 162.00
117.00 69.00 114.00 162.00
117.00 69.00 114.00 162.00
109.00 69.00 114.00 162.00
109.00 69.00 114.00 162.00
109.00 69.00 114.00 162.00
109.00 69.00 114.00 162.00
101.00 69.00 114.00 162.00
101.00 69.00 114.00 162.00
101.00 77.00 114.00 162.00
93.00 77.00 114.00 162.00
93.00 77.00 114.00 162.00
93.00 77.00 114.00 162.00
93.00 77.00 114.00 162.00
85.00 69.00 114.00 162.00
85.00 69.00 114.00 162.00
85.00 69.00 114.00 162.00
85.00 69.00 114.00 162.00
85.00 69.00 114.00 162.00
85.00 69.00 114.00 162.00
85.00 69.00 114.00 162.00
85.00 69.00 114.00 162.00
85.00 61.00 114.00 162.00
85.00 61.00 114.00 162.00
85.00 61.00 114.00 162.00
85.00 61.00 114.00 162.00
85.00 61.00 114.00 162.00
85.00 61.00 114.00 162.00
93.00 61.00 114.00 162.00
93.00 61.00 114.00 162.00
93.00 61.00 114.00 162.00
93.00 61.00 114.00 162.00
93.00 61.00 114.00 162.00
101.00 61.00 114.00 162.00
101.00 61.00 114.00 162.00
101.00 61.00 114.00 162.00
101.00 61.00 114.00 162.00
109.00 61.00 114.00 162.00
109.00 61.00 114.00 162.00
109.00 61.00 114.00 162.00
109.00 61.00 114.00 162.00
117.00 61.00 114.00 162.00
117.00 61.00 114.00 162.00
117.00 61.00 114.00 162.00
117.00 61.00 114.00 162.00
125.00 61.00 114.00 162.00
125.00 69.00 114.00 162.00
125.00 69.00 114.00 162.00
125.00 69.00 114.00 162.00
125.00 69.00 114.00 162.00
125.00 69.00 114.00 162.00
125.00 69.00 114.00 162.00
125.00 77.00 114.00 162.00
125.00 77.00 114.00 162.00
125.00 77.00 114.00 162.00
125.00 77.00 114.00 162.00
133.00 77.00 114.00 162.00
133.00 77.00 114.00 162.00
133.00 77.00 114.00 162.00
133.00 77.00 114.00 162.00
133.00 77.00 114.00 162.00
133.00 77.00 114.00 162.00
133.00 77.00 114.00 162.00
133.00 77.00 114.00 162.00
133.00 77.00 114.00 162.00
133.00 77.00 114.00 162.00
133.00 77.00 114.00 162.00
133.00 77.00 114.00 162.00
133.00 77.00 114.00 162.00
133.00 77.00 114.00 162.00
133.00 77.00 114.00 162.00
125.00 77.00 114.00 162.00
125.00 77.00 114.00 162.00
125.00 77.00 114.00 162.00
125.00 77.00 114.00 162.00
125.00 77.00 114.00 162.00
125.00 77.00 114.00 162.00
125.00 77.00 114.00 162.00
125.00 77.00 114.00 162.00
117.00 77.00 114.00 162.00
117.00 77.00 114.00 162.00
117.00 77.00 114.00 162.00
117.00 77.00 114.00 162.00
117.00 77.00 114.00 162.00
117.00 77.00 114.00 162.00
117.00 77.00 114.00 162.00
117.00 77.00 114.00 162.00
109.00 77.00 114.00 162.00
109.00 77.00 114.00 162.00
109.00 77.00 114.00 162.00
109.00 77.00 114.00 162.00
109.00 77.00 114.00 162.00
109.00 77.00 114.00 162.00
109.00 77.00 114.00 162.00
109.00 77.00 114.00 162.00
109.00 77.00 114.00 162.00
109.00 77.00 114.00 162.00
109.00 77.00 114.00 162.00
109.00 77.00 114.00 162.00
109.00 77.00 114.00 162.00
109.00 77.00 114.00 162.00
109.00 77.00 114.00 162.00
109.00 77.00 114.00 162.00
109.00 77.00 114.00 162.00
109.00 77.00 114.00 162.00
109.00 77.00 114.00 162.00
109.00 77.00 114.00 162.00
109.00 77.00 114.00 162.00
109.00 77.00 114.00 162.00
109.00 77.00 114.00 162.00
109.00 77.00 114.00 162.00
109.00 77.00 114.00 162.00
109.00 77.00 114.00 162.00
109.00 77.00 114.00 162.00
109.00 77.00 114.00 162.00
109.00 77.00 114.00 162.00
109.00 77.00 114.00 162.00
109.00 77.00 114.00 162.00
109.00 77.00 114.00 162.00
109.00 77.00 114.00 162.00
109.00 77.00 114.00 162.00
109.00 77.00 114.00 162.00
109.00 77.00 114.00 162.00
109.00 77.00 114.00 162.00
109.00 77.00 114.00 162.00
109.00 77.00 114.00 162.00
109.00 77.00 114.00 162.00
109.00 77.00 114.00 162.00
109.00 77.00 114.00 162.00
109.00 77.00 114.00 162.00
109.00 77.00 114.00 162.00
109.00 77.00 114.00 162.00
109.00 77.00 114.00 162.00
109.00 77.00 114.00 162.00
109.00 77.00 114.00 162.00
109.00 77.00 114.00 162.00
109.00 77.00 114.00 162.00
109.00 77.00 114.00 162.00
101.00 77.00 114.00 162.00
101.00 77.00 114.00 162.00
101.00 77.00 114.00 162.00
101.00 77.00 114.00 162.00
101.00 77.00 114.00 162.00
101.00 77.00 114.00 162.00
101.00 77.00 114.00 162.00
101.00 69.00 114.00 162.00
101.00 69.00 114.00 162.00
101.00 69.00 114.00 162.00
101.00 69.00 114.00 162.00
101.00 69.00 114.00 162.00
101.00 69.00 114.00 162.00
101.00 69.00 114.00 162.00
101.00 69.00 114.00 162.00
101.00 69.00 114.00 162.00
101.00 69.00 114.00 162.00
101.00 69.00 114.00 162.00
101.00 69.00 114.00 162.00
101.00 69.00 114.00 162.00
101.00 69.00 114.00 162.00
101.00 69.00 114.00 162.00
101.00 69.00 114.00 162.00
101.00 69.00 114.00 162.00
101.00 69.00 114.00 162.00
101.00 69.00 114.00 162.00
101.00 69.00 114.00 162.00
101.00 69.00 114.00 162.00
101.00 77.00 114.00 162.00
101.00 77.00 114.00 162.00
101.00 77.00 114.00 162.00
101.00 77.00 114.00 162.00
101.00 77.00 114.00 162.00
101.00 77.00 114.00 162.00
101.00 77.00 114.00 162.00
101.00 77.00 114.00 162.00
101.00 77.00 114.00 162.00
101.00 77.00 114.00 162.00
101.00 77.00 114.00 162.00
101.00 77.00 114.00 162.00
101.00 77.00 114.00 162.00
101.00 77.00 114.00 162.00
101.00 77.00 114.00 162.00
101.00 77.00 114.00 162.00
101.00 77.00 114.00 162.00
101.00 77.00 114.00 162.00
101.00 77.00 114.00 162.00
101.00 77.00 114.00 162.00
101.00 77.00 114.00 162.00
101.00 77.00 114.00 162.00
101.00 77.00 114.00 162.00
101.00 77.00 114.00 162.00
101.00 77.00 114.00 162.00
101.00 77.00 114.00 162.00
101.00 77.00 114.00 162.00
101.00 77.00 114.00 162.00
101.00 77.00 114.00 162.00
101.00 77.00 114.00 162.00
101.00 77.00 114.00 162.00
101.00 77.00 114.00 162.00
101.00 77.00 114.00 162.00
101.00 85.00 114.00 162.00
101.00 85.00 114.00 162.00
101.00 85.00 114.00 162.00
101.00 85.00 114.00 162.00
101.00 85.00 114.00 162.00
101.00 85.00 114.00 162.00
101.00 85.00 114.00 162.00
101.00 85.00 114.00 162.00
101.00 85.00 114.00 162.00
101.00 85.00 114.00 162.00
101.00 85.00 114.00 162.00
101.00 85.00 114.00 162.00
101.00 85.00 114.00 162.00
101.00 85.00 114.00 162.00
101.00 77.00 114.00 162.00
101.00 77.00 114.00 162.00
101.00 69.00 114.00 162.00
101.00 69.00 114.00 162.00
101.00 61.00 114.00 162.00
101.00 61.00 114.00 162.00
101.00 53.00 114.00 162.00
101.00 53.00 114.00 162.00
101.00 53.00 114.00 162.00
101.00 53.00 114.00 162.00
101.00 53.00 114.00 162.00
101.00 45.00 114.00 162.00
101.00 45.00 114.00 162.00
101.00 45.00 114.00 162.00
101.00 45.00 114.00 162.00
101.00 45.00 114.00 162.00
101.00 45.00 114.00 162.00
101.00 53.00 114.00 162.00
101.00 53.00 114.00 162.00
101.00 53.00 114.00 162.00
101.00 53.00 114.00 162.00
101.00 53.00 114.00 162.00
109.00 53.00 114.00 162.00
109.00 53.00 114.00 162.00
109.00 53.00 114.00 162.00
109.00 53.00 114.00 162.00
109.00 53.00 114.00 162.00
109.00 53.00 114.00 162.00
109.00 61.00 114.00 162.00
109.00 61.00 114.00 162.00
109.00 61.00 114.00 162.00
109.00 61.00 114.00 162.00
109.00 61.00 114.00 162.00
109.00 61.00 114.00 162.00
109.00 61.00 114.00 162.00
109.00 61.00 114.00 162.00
109.00 61.00 114.00 162.00
109.00 61.00 114.00 162.00
109.00 69.00 114.00 162.00
109.00 69.00 114.00 162.00
109.00 69.00 114.00 162.00
109.00 69.00 114.00 162.00
109.00 69.00 114.00 162.00
109.00 69.00 114.00 162.00
109.00 69.00 114.00 162.00
109.00 69.00 114.00 162.00
109.00 69.00 114.00 162.00
109.00 69.00 114.00 162.00
109.00 69.00 114.00 162.00
109.00 69.00 114.00 162.00
109.00 69.00 114.00 162.00
109.00 69.00 114.00 162.00
109.00 69.00 114.00 162.00
109.00 69.00 114.00 162.00
109.00 69.00 114.00 162.00
101.00 69.00 114.00 162.00
101.00 69.00 114.00 162.00
101.00 69.00 114.00 162.00
101.00 69.00 114.00 162.00
101.00 69.00 114.00 162.00
101.00 69.00 114.00 162.00
101.00 69.00 114.00 162.00
101.00 69.00 114.00 162.00
101.00 69.00 114.00 162.00
101.00 77.00 114.00 162.00
101.00 77.00 114.00 162.00
101.00 77.00 114.00 162.00
93.00 77.00 114.00 162.00
93.00 77.00 114.00 162.00
93.00 77.00 114.00 162.00
93.00 77.00 114.00 162.00
93.00 77.00 114.00 162.00
93.00 77.00 114.00 162.00
93.00 77.00 114.00 162.00
93.00 77.00 114.00 162.00
93.00 77.00 114.00 162.00
93.00 77.00 114.00 162.00
93.00 77.00 114.00 162.00
93.00 77.00 114.00 162.00
93.00 77.00 114.00 162.00
93.00 77.00 114.00 162.00
93.00 77.00 114.00 162.00
93.00 77.00 114.00 162.00
93.00 77.00 114.00 162.00
93.00 77.00 114.00 162.00
93.00 77.00 114.00 162.00
93.00 77.00 114.00 162.00
93.00 77.00 114.00 162.00
93.00 77.00 114.00 162.00
93.00 77.00 114.00 162.00
93.00 77.00 114.00 162.00
93.00 77.00 114.00 162.00
93.00 77.00 114.00 162.00
93.00 77.00 114.00 162.00
93.00 77.00 114.00 162.00
93.00 77.00 114.00 162.00
93.00 77.00 114.00 162.00
93.00 77.00 114.00 162.00
93.00 77.00 114.00 162.00
93.00 77.00 114.00 162.00
93.00 77.00 114.00 162.00
93.00 77.00 114.00 162.00
93.00 69.00 114.00 162.00
93.00 69.00 114.00 162.00
93.00 69.00 114.00 162.00
93.00 69.00 114.00 162.00
93.00 69.00 114.00 162.00
93.00 69.00 114.00 162.00
93.00 69.00 114.00 162.00
93.00 69.00 114.00 162.00
93.00 69.00 114.00 162.00
93.00 69.00 114.00 162.00
85.00 69.00 114.00 162.00
85.00 69.00 114.00 162.00
85.00 69.00 114.00 162.00
85.00 69.00 114.00 162.00
85.00 69.00 114.00 162.00
85.00 69.00 114.00 162.00
85.00 69.00 114.00 162.00
85.00 69.00 114.00 162.00
77.00 69.00 114.00 162.00
77.00 69.00 114.00 162.00
77.00 69.00 114.00 162.00
69.00 69.00 114.00 162.00
69.00 69.00 114.00 162.00
69.00 69.00 114.00 162.00
69.00 69.00 114.00 162.00
69.00 69.00 114.00 162.00
69.00 69.00 114.00 162.00
69.00 69.00 114.00 162.00
69.00 69.00 114.00 162.00
69.00 69.00 114.00 162.00
69.00 69.00 114.00 162.00
69.00 69.00 114.00 162.00
69.00 69.00 114.00 162.00
69.00 69.00 114.00 162.00
69.00 69.00 114.00 162.00
69.00 69.00 114.00 162.00
69.00 69.00 114.00 162.00
69.00 69.00 114.00 162.00
69.00 69.00 114.00 162.00
69.00 69.00 114.00 162.00
69.00 69.00 114.00 162.00
69.00 69.00 114.00 162.00
69.00 69.00 114.00 162.00
69.00 69.00 114.00 162.00
69.00 69.00 114.00 162.00
69.00 69.00 114.00 162.00
69.00 69.00 114.00 162.00
77.00 69.00 114.00 162.00
77.00 69.00 114.00 162.00
77.00 69.00 114.00 162.00
77.00 69.00 114.00 162.00
77.00 69.00 114.00 162.00
77.00 69.00 114.00 162.00
77.00 69.00 114.00 162.00
77.00 69.00 114.00 162.00
77.00 69.00 114.00 162.00
77.00 69.00 114.00 162.00
77.00 69.00 114.00 162.00
77.00 69.00 114.00 162.00
85.00 69.00 114.00 162.00
85.00 69.00 114.00 162.00
85.00 61.00 114.00 162.00
85.00 61.00 114.00 162.00
85.00 61.00 114.00 162.00
85.00 61.00 114.00 162.00
85.00 61.00 114.00 162.00
85.00 61.00 114.00 162.00
85.00 61.00 114.00 162.00
85.00 61.00 114.00 162.00
85.00 61.00 114.00 162.00
85.00 61.00 114.00 162.00
85.00 61.00 114.00 162.00
85.00 61.00 114.00 162.00
85.00 61.00 114.00 162.00
85.00 61.00 114.00 162.00
85.00 61.00 114.00 162.00
85.00 61.00 114.00 162.00
85.00 61.00 114.00 162.00
85.00 61.00 114.00 162.00
93.00 61.00 114.00 162.00
93.00 61.00 114.00 162.00
93.00 61.00 114.00 162.00
93.00 61.00 114.00 162.00
93.00 61.00 114.00 162.00
93.00 61.00 114.00 162.00
93.00 61.00 114.00 162.00
93.00 61.00 114.00 162.00
93.00 61.00 114.00 162.00
93.00 61.00 114.00 162.00
93.00 61.00 114.00 162.00
93.00 61.00 114.00 162.00
93.00 61.00 114.00 162.00
93.00 61.00 114.00 162.00
93.00 61.00 114.00 162.00
93.00 69.00 114.00 162.00
93.00 69.00 114.00 162.00
93.00 69.00 114.00 162.00
93.00 69.00 114.00 162.00
93.00 69.00 114.00 162.00
93.00 77.00 114.00 162.00
93.00 77.00 114.00 162.00
93.00 77.00 114.00 162.00
93.00 77.00 114.00 162.00
93.00 77.00 114.00 162.00
93.00 77.00 114.00 162.00
93.00 77.00 114.00 162.00
93.00 77.00 114.00 162.00
93.00 77.00 114.00 162.00
93.00 77.00 114.00 162.00
93.00 77.00 114.00 162.00
93.00 77.00 114.00 162.00
93.00 77.00 114.00 162.00
93.00 77.00 114.00 162.00
93.00 77.00 114.00 162.00
93.00 77.00 114.00 162.00
93.00 77.00 114.00 162.00
93.00 77.00 114.00 162.00
93.00 77.00 114.00 162.00
93.00 77.00 114.00 162.00
93.00 77.00 114.00 162.00
93.00 77.00 114.00 162.00
93.00 77.00 114.00 162.00
93.00 77.00 114.00 162.00
93.00 77.00 114.00 162.00
93.00 77.00 114.00 162.00
93.00 77.00 114.00 162.00
93.00 77.00 114.00 162.00
93.00 77.00 114.00 162.00
93.00 77.00 114.00 162.00
93.00 77.00 114.00 162.00
93.00 77.00 114.00 162.00
93.00 77.00 114.00 162.00
93.00 77.00 114.00 162.00
93.00 77.00 114.00 162.00
93.00 77.00 114.00 162.00
93.00 77.00 114.00 162.00
93.00 77.00 114.00 162.00
93.00 77.00 114.00 162.00
93.00 77.00 114.00 162.00
93.00 77.00 114.00 162.00
93.00 77.00 114.00 162.00
93.00 77.00 114.00 162.00
93.00 77.00 114.00 162.00
93.00 77.00 114.00 162.00
93.00 77.00 114.00 162.00
93.00 77.00 114.00 162.00
93.00 77.00 114.00 162.00
93.00 77.00 114.00 162.00
93.00 77.00 114.00 162.00
93.00 77.00 114.00 162.00
93.00 77.00 114.00 162.00
93.00 77.00 114.00 162.00
93.00 77.00 114.00 162.00
93.00 77.00 114.00 162.00
93.00 77.00 114.00 162.00
93.00 77.00 114.00 162.00
93.00 77.00 114.00 162.00
93.00 77.00 114.00 162.00
93.00 77.00 114.00 162.00
93.00 77.00 114.00 162.00
93.00 77.00 114.00 162.00
93.00 77.00 114.00 162.00
93.00 77.00 114.00 162.00
93.00 77.00 114.00 162.00
93.00 77.00 114.00 162.00
93.00 77.00 114.00 162.00
93.00 77.00 114.00 162.00
93.00 77.00 114.00 162.00
93.00 77.00 114.00 162.00
93.00 77.00 114.00 162.00
93.00 77.00 114.00 162.00
93.00 77.00 114.00 162.00
93.00 77.00 114.00 162.00
93.00 77.00 114.00 162.00
93.00 77.00 114.00 162.00
93.00 77.00 114.00 162.00
93.00 77.00 114.00 162.00
93.00 77.00 114.00 162.00
93.00 77.00 114.00 162.00
93.00 77.00 114.00 162.00
93.00 77.00 114.00 162.00
93.00 77.00 114.00 162.00
93.00 77.00 114.00 162.00
93.00 77.00 114.00 162.00
93.00 77.00 114.00 162.00
93.00 77.00 114.00 162.00
93.00 77.00 114.00 162.00
93.00 77.00 114.00 162.00
93.00 77.00 114.00 162.00
93.00 77.00 114.00 162.00
93.00 77.00 114.00 162.00
93.00 77.00 114.00 162.00
93.00 77.00 114.00 162.00
93.00 77.00 114.00 162.00
93.00 77.00 114.00 162.00
93.00 77.00 114.00 162.00
93.00 77.00 114.00 162.00
93.00 77.00 114.00 162.00
93.00 77.00 114.00 162.00
93.00 77.00 114.00 162.00
93.00 77.00 114.00 162.00
93.00 77.00 114.00 162.00
93.00 77.00 114.00 162.00
93.00 77.00 114.00 162.00
93.00 77.00 114.00 162.00
93.00 77.00 114.00 162.00
93.00 77.00 114.00 162.00
93.00 77.00 114.00 162.00
93.00 77.00 114.00 162.00
93.00 77.00 114.00 162.00
93.00 77.00 114.00 162.00
93.00 77.00 114.00 162.00
93.00 77.00 114.00 162.00
93.00 77.00 114.00 162.00
93.00 77.00 114.00 162.00
93.00 77.00 114.00 162.00
93.00 77.00 114.00 162.00
93.00 77.00 114.00 162.00
93.00 77.00 114.00 162.00
93.00 77.00 114.00 162.00
93.00 77.00 114.00 162.00
93.00 77.00 114.00 162.00
93.00 77.00 114.00 162.00
93.00 77.00 114.00 162.00
93.00 77.00 114.00 162.00
93.00 77.00 114.00 162.00
93.00 77.00 114.00 162.00
93.00 77.00 114.00 162.00
93.00 77.00 114.00 162.00
93.00 77.00 114.00 162.00
93.00 77.00 114.00 162.00
93.00 77.00 114.00 162.00
93.00 77.00 114.00 162.00
93.00 77.00 114.00 162.00
93.00 77.00 114.00 162.00
93.00 77.00 114.00 162.00
93.00 77.00 114.00 162.00
93.00 77.00 114.00 162.00
93.00 77.00 114.00 162.00
93.00 77.00 114.00 162.00
93.00 77.00 114.00 162.00
93.00 77.00 114.00 162.00
93.00 77.00 114.00 162.00
93.00 77.00 114.00 162.00
93.00 77.00 114.00 162.00
93.00 77.00 114.00 162.00
93.00 77.00 114.00 162.00
93.00 77.00 114.00 162.00
93.00 77.00 114.00 162.00
93.00 77.00 114.00 162.00
93.00 85.00 114.00 162.00
93.00 85.00 114.00 162.00
93.00 85.00 114.00 162.00
93.00 85.00 114.00 162.00
93.00 85.00 114.00 162.00
93.00 85.00 114.00 162.00
93.00 85.00 114.00 162.00
93.00 93.00 114.00 162.00
93.00 93.00 114.00 162.00
93.00 85.00 114.00 162.00
93.00 85.00 114.00 162.00
93.00 85.00 114.00 162.00
93.00 85.00 114.00 162.00
93.00 85.00 114.00 162.00
93.00 85.00 114.00 162.00
93.00 85.00 114.00 162.00
93.00 85.00 114.00 162.00
93.00 85.00 114.00 162.00
93.00 85.00 114.00 162.00
93.00 85.00 114.00 162.00
93.00 85.00 114.00 162.00
93.00 85.00 114.00 162.00
93.00 85.00 114.00 162.00
93.00 85.00 114.00 162.00
93.00 85.00 114.00 162.00
93.00 85.00 114.00 162.00
93.00 85.00 114.00 162.00
93.00 85.00 114.00 162.00
93.00 85.00 114.00 162.00
93.00 85.00 114.00 162.00
93.00 85.00 114.00 162.00
93.00 85.00 114.00 162.00
93.00 85.00 114.00 162.00
93.00 85.00 114.00 162.00
93.00 85.00 114.00 162.00
93.00 85.00 114.00 162.00
93.00 85.00 114.00 162.00
93.00 85.00 114.00 162.00
93.00 85.00 114.00 162.00
93.00 85.00 114.00 162.00
93.00 85.00 114.00 162.00
93.00 85.00 114.00 162.00
93.00 85.00 114.00 162.00
93.00 85.00 114.00 162.00
93.00 85.00 114.00 162.00
93.00 85.00 114.00 162.00
93.00 85.00 114.00 162.00
93.00 85.00 114.00 162.00
93.00 85.00 114.00 162.00
93.00 85.00 114.00 162.00
93.00 85.00 114.00 162.00
93.00 85.00 114.00 162.00
93.00 85.00 114.00 162.00
93.00 85.00 114.00 162.00
93.00 85.00 114.00 162.00
93.00 85.00 114.00 162.00
93.00 85.00 114.00 162.00
93.00 85.00 114.00 162.00
93.00 85.00 114.00 162.00
93.00 85.00 114.00 162.00
93.00 85.00 114.00 162.00
93.00 85.00 114.00 162.00
93.00 85.00 114.00 162.00
93.00 85.00 114.00 162.00
93.00 85.00 114.00 162.00
93.00 85.00 114.00 162.00
93.00 85.00 114.00 162.00
93.00 85.00 114.00 162.00
93.00 85.00 114.00 162.00
93.00 85.00 114.00 162.00
93.00 85.00 114.00 162.00
93.00 85.00 114.00 162.00
93.00 85.00 114.00 162.00
93.00 85.00 114.00 162.00
93.00 85.00 114.00 162.00
93.00 85.00 114.00 162.00
93.00 85.00 114.00 162.00
93.00 85.00 114.00 162.00
93.00 85.00 114.00 162.00
93.00 85.00 114.00 162.00
93.00 85.00 114.00 162.00
93.00 85.00 114.00 162.00
93.00 85.00 114.00 162.00
93.00 85.00 114.00 162.00
93.00 85.00 114.00 162.00
93.00 85.00 114.00 162.00
93.00 85.00 114.00 162.00
93.00 85.00 114.00 162.00
93.00 85.00 114.00 162.00
93.00 85.00 114.00 162.00
93.00 85.00 114.00 162.00
93.00 85.00 114.00 162.00
93.00 85.00 114.00 162.00
93.00 85.00 114.00 162.00
93.00 85.00 114.00 162.00
93.00 85.00 114.00 162.00
93.00 85.00 114.00 162.00
93.00 85.00 114.00 162.00
93.00 85.00 114.00 162.00
85.00 85.00 114.00 162.00
85.00 85.00 114.00 162.00
85.00 85.00 114.00 162.00
85.00 85.00 114.00 162.00
85.00 85.00 114.00 162.00
85.00 85.00 114.00 162.00
77.00 85.00 114.00 162.00
77.00 85.00 114.00 162.00
77.00 85.00 114.00 162.00
77.00 85.00 114.00 162.00
77.00 85.00 114.00 162.00
69.00 85.00 114.00 162.00
69.00 85.00 114.00 162.00
69.00 85.00 114.00 162.00
69.00 85.00 114.00 162.00
61.00 85.00 114.00 162.00
61.00 85.00 114.00 162.00
61.00 77.00 114.00 162.00
61.00 77.00 114.00 162.00
61.00 77.00 114.00 162.00
61.00 77.00 114.00 162.00
61.00 77.00 114.00 162.00
61.00 77.00 114.00 162.00
61.00 77.00 114.00 162.00
61.00 77.00 114.00 162.00
61.00 77.00 114.00 162.00
61.00 77.00 114.00 162.00
61.00 77.00 114.00 162.00
61.00 77.00 114.00 162.00
61.00 77.00 114.00 162.00
61.00 77.00 114.00 162.00
61.00 77.00 114.00 162.00
61.00 77.00 114.00 162.00
61.00 77.00 114.00 162.00
61.00 77.00 114.00 162.00
61.00 77.00 114.00 162.00
61.00 77.00 114.00 162.00
61.00 77.00 114.00 162.00
61.00 77.00 114.00 162.00
61.00 77.00 114.00 162.00
61.00 77.00 114.00 162.00
61.00 77.00 114.00 162.00
61.00 77.00 114.00 162.00
61.00 77.00 114.00 162.00
61.00 77.00 114.00 162.00
61.00 77.00 114.00 162.00
61.00 77.00 114.00 162.00
61.00 77.00 114.00 162.00
61.00 77.00 114.00 162.00
61.00 77.00 114.00 162.00
61.00 77.00 114.00 162.00
61.00 77.00 114.00 162.00
61.00 77.00 114.00 162.00
61.00 77.00 114.00 162.00
69.00 77.00 114.00 162.00
69.00 77.00 114.00 162.00
69.00 77.00 114.00 162.00
69.00 77.00 114.00 162.00
69.00 77.00 114.00 162.00
69.00 77.00 114.00 162.00
77.00 77.00 114.00 162.00
77.00 77.00 114.00 162.00
77.00 77.00 114.00 162.00
77.00 77.00 114.00 162.00
77.00 77.00 114.00 162.00
77.00 69.00 114.00 162.00
77.00 69.00 114.00 162.00
85.00 69.00 114.00 162.00
85.00 69.00 114.00 162.00
85.00 69.00 114.00 162.00
85.00 69.00 114.00 162.00
85.00 69.00 114.00 162.00
85.00 69.00 114.00 162.00
85.00 69.00 114.00 162.00
85.00 69.00 114.00 162.00
85.00 69.00 114.00 162.00
85.00 69.00 114.00 162.00
85.00 69.00 114.00 162.00
85.00 69.00 114.00 162.00
85.00 69.00 114.00 162.00
85.00 69.00 114.00 162.00
85.00 69.00 114.00 162.00
85.00 69.00 114.00 162.00
85.00 69.00 114.00 162.00
85.00 69.00 114.00 162.00
85.00 69.00 114.00 162.00
85.00 69.00 114.00 162.00
85.00 69.00 114.00 162.00
85.00 69.00 114.00 162.00
85.00 69.00 114.00 162.00
85.00 69.00 114.00 162.00
85.00 69.00 114.00 162.00
85.00 69.00 114.00 162.00
85.00 69.00 114.00 162.00
85.00 69.00 114.00 162.00
85.00 69.00 114.00 162.00
85.00 69.00 114.00 162.00
85.00 69.00 114.00 162.00
85.00 69.00 114.00 162.00
85.00 69.00 114.00 162.00
85.00 69.00 114.00 162.00
85.00 69.00 114.00 162.00
85.00 69.00 114.00 162.00
85.00 69.00 114.00 162.00
85.00 69.00 114.00 162.00
85.00 69.00 114.00 162.00
85.00 69.00 114.00 162.00
85.00 69.00 114.00 162.00
85.00 69.00 114.00 162.00
85.00 69.00 114.00 162.00
85.00 69.00 114.00 162.00
85.00 69.00 114.00 162.00
85.00 69.00 114.00 162.00
85.00 69.00 114.00 162.00
85.00 69.00 114.00 162.00
85.00 69.00 114.00 162.00
85.00 69.00 114.00 162.00
85.00 69.00 114.00 162.00
85.00 69.00 114.00 162.00
85.00 69.00 114.00 162.00
85.00 69.00 114.00 162.00
85.00 69.00 114.00 162.00
85.00 69.00 114.00 162.00
93.00 69.00 114.00 162.00
93.00 69.00 114.00 162.00
93.00 69.00 114.00 162.00
93.00 69.00 114.00 162.00
93.00 69.00 114.00 162.00
93.00 69.00 114.00 162.00
93.00 69.00 114.00 162.00
93.00 69.00 114.00 162.00
93.00 69.00 114.00 162.00
93.00 69.00 114.00 162.00
101.00 69.00 114.00 162.00
101.00 69.00 114.00 162.00
101.00 69.00 114.00 162.00
101.00 69.00 114.00 162.00
101.00 69.00 114.00 162.00
101.00 69.00 114.00 162.00
101.00 69.00 114.00 162.00
101.00 69.00 114.00 162.00
109.00 69.00 114.00 162.00
109.00 69.00 114.00 162.00
109.00 69.00 114.00 162.00
117.00 69.00 114.00 162.00
117.00 69.00 114.00 162.00
117.00 69.00 114.00 162.00
117.00 69.00 114.00 162.00
117.00 69.00 114.00 162.00
125.00 69.00 114.00 162.00
125.00 69.00 114.00 162.00
125.00 69.00 114.00 162.00
125.00 69.00 114.00 162.00
125.00 69.00 114.00 162.00
125.00 69.00 114.00 162.00
125.00 69.00 114.00 162.00
125.00 69.00 114.00 162.00
125.00 69.00 114.00 162.00
133.00 69.00 114.00 162.00
133.00 69.00 114.00 162.00
133.00 69.00 114.00 162.00
133.00 69.00 114.00 162.00
133.00 69.00 114.00 162.00
133.00 69.00 114.00 162.00
133.00 69.00 114.00 162.00
133.00 69.00 114.00 162.00
133.00 69.00 114.00 162.00
133.00 69.00 114.00 162.00
133.00 69.00 114.00 162.00
133.00 69.00 114.00 162.00
133.00 69.00 114.00 162.00
133.00 69.00 114.00 162.00
133.00 69.00 114.00 162.00
133.00 69.00 114.00 162.00
133.00 69.00 114.00 162.00
133.00 69.00 114.00 162.00
133.00 69.00 114.00 162.00
133.00 69.00 114.00 162.00
133.00 69.00 114.00 162.00
133.00 69.00 114.00 162.00
133.00 69.00 114.00 162.00
133.00 69.00 114.00 162.00
125.00 69.00 114.00 162.00
125.00 69.00 114.00 162.00
125.00 69.00 114.00 162.00
125.00 69.00 114.00 162.00
125.00 69.00 114.00 162.00
117.00 69.00 114.00 162.00
117.00 69.00 114.00 162.00
117.00 69.00 114.00 162.00
117.00 69.00 114.00 162.00
117.00 69.00 114.00 162.00
117.00 69.00 114.00 162.00
117.00 69.00 114.00 162.00
117.00 69.00 114.00 162.00
117.00 69.00 114.00 162.00
117.00 69.00 114.00 162.00
109.00 69.00 114.00 162.00
109.00 69.00 114.00 162.00
109.00 69.00 114.00 162.00
109.00 69.00 114.00 162.00
109.00 69.00 114.00 162.00
101.00 69.00 114.00 162.00
101.00 69.00 114.00 162.00
101.00 61.00 114.00 162.00
101.00 61.00 114.00 162.00
101.00 61.00 114.00 162.00
101.00 61.00 114.00 162.00
101.00 69.00 114.00 162.00
101.00 69.00 114.00 162.00
101.00 69.00 114.00 162.00
101.00 69.00 114.00 162.00
101.00 69.00 114.00 162.00
101.00 69.00 114.00 162.00
101.00 69.00 114.00 162.00
101.00 69.00 114.00 162.00
101.00 69.00 114.00 162.00
101.00 69.00 114.00 162.00
