153.00 104.50 26.00 43.00
153.00 96.50 26.00 43.00
153.00 92.50 26.00 43.00
153.00 84.50 26.00 43.00
153.00 80.50 26.00 43.00
153.00 72.50 26.00 43.00
153.00 72.50 26.00 43.00
149.00 68.50 26.00 43.00
145.00 68.50 26.00 43.00
141.00 64.50 26.00 43.00
137.00 64.50 26.00 43.00
133.00 64.50 26.00 43.00
125.00 64.50 26.00 43.00
117.00 60.50 26.00 43.00
113.00 60.50 26.00 43.00
109.00 60.50 26.00 43.00
109.00 56.50 26.00 43.00
109.00 56.50 26.00 43.00
109.00 52.50 26.00 43.00
105.00 52.50 26.00 43.00
101.00 48.50 26.00 43.00
93.00 44.50 26.00 43.00
89.00 40.50 26.00 43.00
85.00 40.50 26.00 43.00
77.00 36.50 26.00 43.00
73.00 36.50 26.00 43.00
73.00 36.50 26.00 43.00
73.00 36.50 26.00 43.00
77.00 36.50 26.00 43.00
85.00 40.50 26.00 43.00
89.00 40.50 26.00 43.00
93.00 44.50 26.00 43.00
97.00 48.50 26.00 43.00
97.00 52.50 26.00 43.00
101.00 60.50 26.00 43.00
105.00 64.50 26.00 43.00
109.00 68.50 26.00 43.00
113.00 68.50 26.00 43.00
117.00 68.50 26.00 43.00
121.00 64.50 26.00 43.00
129.00 56.50 26.00 43.00
133.00 52.50 26.00 43.00
137.00 48.50 26.00 43.00
141.00 44.50 26.00 43.00
145.00 40.50 26.00 43.00
149.00 40.50 26.00 43.00
153.00 40.50 26.00 43.00
157.00 40.50 26.00 43.00
161.00 40.50 26.00 43.00
161.00 40.50 26.00 43.00
165.00 40.50 26.00 43.00
165.00 36.50 26.00 43.00
169.00 36.50 26.00 43.00
177.00 40.50 26.00 43.00
185.00 40.50 26.00 43.00
193.00 44.50 26.00 43.00
201.00 48.50 26.00 43.00
209.00 52.50 26.00 43.00
213.00 60.50 26.00 43.00
221.00 64.50 26.00 43.00
229.00 68.50 26.00 43.00
233.00 72.50 26.00 43.00
241.00 76.50 26.00 43.00
245.00 80.50 26.00 43.00
253.00 84.50 26.00 43.00
257.00 92.50 26.00 43.00
257.00 96.50 26.00 43.00
257.00 96.50 26.00 43.00
257.00 96.50 26.00 43.00
257.00 100.50 26.00 43.00
253.00 104.50 26.00 43.00
253.00 96.50 26.00 43.00
253.00 92.50 26.00 43.00
245.00 92.50 26.00 43.00
