50.50 53.00 87.00 290.00
50.50 53.00 87.00 290.00
58.50 53.00 87.00 290.00
58.50 53.00 87.00 290.00
58.50 53.00 87.00 290.00
66.50 53.00 87.00 290.00
66.50 53.00 87.00 290.00
66.50 53.00 87.00 290.00
74.50 53.00 87.00 290.00
74.50 53.00 87.00 290.00
82.50 53.00 87.00 290.00
82.50 53.00 87.00 290.00
82.50 53.00 87.00 290.00
90.50 53.00 87.00 290.00
90.50 53.00 87.00 290.00
90.50 53.00 87.00 290.00
98.50 53.00 87.00 290.00
98.50 53.00 87.00 290.00
98.50 53.00 87.00 290.00
106.50 53.00 87.00 290.00
106.50 53.00 87.00 290.00
106.50 53.00 87.00 290.00
114.50 53.00 87.00 290.00
114.50 53.00 87.00 290.00
114.50 53.00 87.00 290.00
122.50 53.00 87.00 290.00
122.50 53.00 87.00 290.00
122.50 53.00 87.00 290.00
130.50 53.00 87.00 290.00
130.50 53.00 87.00 290.00
130.50 53.00 87.00 290.00
138.50 53.00 87.00 290.00
138.50 53.00 87.00 290.00
138.50 53.00 87.00 290.00
146.50 53.00 87.00 290.00
146.50 53.00 87.00 290.00
146.50 53.00 87.00 290.00
146.50 53.00 87.00 290.00
154.50 53.00 87.00 290.00
154.50 53.00 87.00 290.00
154.50 53.00 87.00 290.00
162.50 53.00 87.00 290.00
162.50 53.00 87.00 290.00
162.50 53.00 87.00 290.00
162.50 53.00 87.00 290.00
170.50 53.00 87.00 290.00
170.50 53.00 87.00 290.00
170.50 53.00 87.00 290.00
170.50 53.00 87.00 290.00
178.50 53.00 87.00 290.00
178.50 53.00 87.00 290.00
178.50 53.00 87.00 290.00
178.50 53.00 87.00 290.00
186.50 53.00 87.00 290.00
186.50 53.00 87.00 290.00
186.50 53.00 87.00 290.00
186.50 53.00 87.00 290.00
186.50 53.00 87.00 290.00
194.50 53.00 87.00 290.00
194.50 53.00 87.00 290.00
194.50 53.00 87.00 290.00
194.50 53.00 87.00 290.00
194.50 53.00 87.00 290.00
202.50 53.00 87.00 290.00
202.50 53.00 87.00 290.00
202.50 53.00 87.00 290.00
202.50 53.00 87.00 290.00
202.50 53.00 87.00 290.00
202.50 53.00 87.00 290.00
210.50 53.00 87.00 290.00
210.50 53.00 87.00 290.00
210.50 53.00 87.00 290.00
210.50 53.00 87.00 290.00
210.50 53.00 87.00 290.00
210.50 53.00 87.00 290.00
210.50 53.00 87.00 290.00
218.50 53.00 87.00 290.00
218.50 53.00 87.00 290.00
218.50 53.00 87.00 290.00
218.50 53.00 87.00 290.00
218.50 53.00 87.00 290.00
226.50 45.00 87.00 290.00
226.50 45.00 87.00 290.00
226.50 45.00 87.00 290.00
226.50 45.00 87.00 290.00
226.50 45.00 87.00 290.00
226.50 45.00 87.00 290.00
226.50 45.00 87.00 290.00
234.50 45.00 87.00 290.00
234.50 45.00 87.00 290.00
234.50 45.00 87.00 290.00
234.50 45.00 87.00 290.00
234.50 45.00 87.00 290.00
234.50 45.00 87.00 290.00
234.50 45.00 87.00 290.00
234.50 45.00 87.00 290.00
242.50 45.00 87.00 290.00
242.50 45.00 87.00 290.00
242.50 45.00 87.00 290.00
242.50 45.00 87.00 290.00
242.50 45.00 87.00 290.00
242.50 45.00 87.00 290.00
242.50 45.00 87.00 290.00
242.50 45.00 87.00 290.00
242.50 45.00 87.00 290.00
250.50 45.00 87.00 290.00
250.50 45.00 87.00 290.00
250.50 45.00 87.00 290.00
250.50 45.00 87.00 290.00
250.50 45.00 87.00 290.00
250.50 45.00 87.00 290.00
250.50 45.00 87.00 290.00
250.50 45.00 87.00 290.00
258.50 45.00 87.00 290.00
258.50 45.00 87.00 290.00
258.50 45.00 87.00 290.00
258.50 45.00 87.00 290.00
258.50 45.00 87.00 290.00
258.50 45.00 87.00 290.00
258.50 45.00 87.00 290.00
258.50 45.00 87.00 290.00
258.50 45.00 87.00 290.00
258.50 37.00 87.00 290.00
258.50 37.00 87.00 290.00
258.50 37.00 87.00 290.00
258.50 37.00 87.00 290.00
258.50 37.00 87.00 290.00
258.50 37.00 87.00 290.00
258.50 37.00 87.00 290.00
258.50 37.00 87.00 290.00
258.50 37.00 87.00 290.00
258.50 37.00 87.00 290.00
258.50 37.00 87.00 290.00
258.50 37.00 87.00 290.00
258.50 37.00 87.00 290.00
258.50 37.00 87.00 290.00
258.50 37.00 87.00 290.00
258.50 37.00 87.00 290.00
258.50 37.00 87.00 290.00
258.50 37.00 87.00 290.00
258.50 37.00 87.00 290.00
266.50 37.00 87.00 290.00
266.50 37.00 87.00 290.00
266.50 37.00 87.00 290.00
266.50 37.00 87.00 290.00
266.50 37.00 87.00 290.00
266.50 37.00 87.00 290.00
266.50 37.00 87.00 290.00
274.50 37.00 87.00 290.00
274.50 37.00 87.00 290.00
274.50 37.00 87.00 290.00
274.50 37.00 87.00 290.00
274.50 37.00 87.00 290.00
274.50 37.00 87.00 290.00
274.50 37.00 87.00 290.00
274.50 37.00 87.00 290.00
274.50 37.00 87.00 290.00
282.50 37.00 87.00 290.00
282.50 37.00 87.00 290.00
282.50 37.00 87.00 290.00
282.50 37.00 87.00 290.00
282.50 37.00 87.00 290.00
282.50 37.00 87.00 290.00
282.50 37.00 87.00 290.00
282.50 37.00 87.00 290.00
282.50 37.00 87.00 290.00
282.50 37.00 87.00 290.00
282.50 37.00 87.00 290.00
282.50 37.00 87.00 290.00
282.50 37.00 87.00 290.00
282.50 37.00 87.00 290.00
282.50 29.00 87.00 290.00
282.50 29.00 87.00 290.00
282.50 29.00 87.00 290.00
282.50 29.00 87.00 290.00
282.50 29.00 87.00 290.00
290.50 29.00 87.00 290.00
290.50 29.00 87.00 290.00
290.50 29.00 87.00 290.00
290.50 29.00 87.00 290.00
290.50 29.00 87.00 290.00
290.50 29.00 87.00 290.00
290.50 29.00 87.00 290.00
290.50 29.00 87.00 290.00
290.50 29.00 87.00 290.00
290.50 29.00 87.00 290.00
290.50 29.00 87.00 290.00
290.50 29.00 87.00 290.00
290.50 29.00 87.00 290.00
290.50 29.00 87.00 290.00
290.50 29.00 87.00 290.00
298.50 29.00 87.00 290.00
298.50 29.00 87.00 290.00
298.50 29.00 87.00 290.00
298.50 29.00 87.00 290.00
298.50 29.00 87.00 290.00
298.50 29.00 87.00 290.00
298.50 29.00 87.00 290.00
298.50 29.00 87.00 290.00
298.50 29.00 87.00 290.00
298.50 29.00 87.00 290.00
298.50 29.00 87.00 290.00
298.50 29.00 87.00 290.00
298.50 29.00 87.00 290.00
298.50 29.00 87.00 290.00
298.50 29.00 87.00 290.00
298.50 29.00 87.00 290.00
298.50 29.00 87.00 290.00
298.50 29.00 87.00 290.00
298.50 29.00 87.00 290.00
298.50 29.00 87.00 290.00
298.50 29.00 87.00 290.00
298.50 29.00 87.00 290.00
298.50 29.00 87.00 290.00
298.50 29.00 87.00 290.00
298.50 29.00 87.00 290.00
298.50 29.00 87.00 290.00
298.50 29.00 87.00 290.00
298.50 29.00 87.00 290.00
298.50 21.00 87.00 290.00
298.50 21.00 87.00 290.00
298.50 21.00 87.00 290.00
298.50 21.00 87.00 290.00
298.50 21.00 87.00 290.00
298.50 21.00 87.00 290.00
298.50 21.00 87.00 290.00
298.50 21.00 87.00 290.00
298.50 21.00 87.00 290.00
298.50 21.00 87.00 290.00
298.50 21.00 87.00 290.00
298.50 21.00 87.00 290.00
298.50 21.00 87.00 290.00
298.50 21.00 87.00 290.00
298.50 21.00 87.00 290.00
298.50 21.00 87.00 290.00
298.50 21.00 87.00 290.00
298.50 21.00 87.00 290.00
298.50 21.00 87.00 290.00
298.50 21.00 87.00 290.00
298.50 21.00 87.00 290.00
298.50 21.00 87.00 290.00
298.50 21.00 87.00 290.00
298.50 21.00 87.00 290.00
298.50 21.00 87.00 290.00
298.50 21.00 87.00 290.00
298.50 21.00 87.00 290.00
298.50 21.00 87.00 290.00
298.50 21.00 87.00 290.00
298.50 21.00 87.00 290.00
298.50 21.00 87.00 290.00
298.50 21.00 87.00 290.00
298.50 21.00 87.00 290.00
298.50 21.00 87.00 290.00
298.50 21.00 87.00 290.00
298.50 21.00 87.00 290.00
298.50 21.00 87.00 290.00
298.50 21.00 87.00 290.00
298.50 21.00 87.00 290.00
298.50 21.00 87.00 290.00
298.50 21.00 87.00 290.00
298.50 21.00 87.00 290.00
298.50 21.00 87.00 290.00
298.50 21.00 87.00 290.00
298.50 21.00 87.00 290.00
298.50 21.00 87.00 290.00
298.50 21.00 87.00 290.00
298.50 21.00 87.00 290.00
298.50 21.00 87.00 290.00
298.50 21.00 87.00 290.00
298.50 21.00 87.00 290.00
298.50 21.00 87.00 290.00
298.50 21.00 87.00 290.00
298.50 21.00 87.00 290.00
298.50 21.00 87.00 290.00
298.50 21.00 87.00 290.00
298.50 21.00 87.00 290.00
298.50 21.00 87.00 290.00
298.50 21.00 87.00 290.00
298.50 21.00 87.00 290.00
298.50 21.00 87.00 290.00
298.50 21.00 87.00 290.00
298.50 21.00 87.00 290.00
298.50 21.00 87.00 290.00
298.50 21.00 87.00 290.00
298.50 21.00 87.00 290.00
298.50 21.00 87.00 290.00
298.50 21.00 87.00 290.00
298.50 21.00 87.00 290.00
298.50 21.00 87.00 290.00
298.50 21.00 87.00 290.00
298.50 21.00 87.00 290.00
298.50 21.00 87.00 290.00
298.50 21.00 87.00 290.00
298.50 21.00 87.00 290.00
298.50 21.00 87.00 290.00
298.50 21.00 87.00 290.00
298.50 21.00 87.00 290.00
298.50 21.00 87.00 290.00
298.50 21.00 87.00 290.00
298.50 21.00 87.00 290.00
298.50 21.00 87.00 290.00
298.50 21.00 87.00 290.00
298.50 21.00 87.00 290.00
298.50 21.00 87.00 290.00
298.50 21.00 87.00 290.00
298.50 21.00 87.00 290.00
298.50 21.00 87.00 290.00
298.50 21.00 87.00 290.00
298.50 21.00 87.00 290.00
298.50 21.00 87.00 290.00
298.50 21.00 87.00 290.00
298.50 21.00 87.00 290.00
298.50 21.00 87.00 290.00
298.50 21.00 87.00 290.00
298.50 21.00 87.00 290.00
298.50 21.00 87.00 290.00
298.50 21.00 87.00 290.00
298.50 21.00 87.00 290.00
298.50 21.00 87.00 290.00
298.50 21.00 87.00 290.00
298.50 21.00 87.00 290.00
298.50 21.00 87.00 290.00
298.50 21.00 87.00 290.00
298.50 21.00 87.00 290.00
298.50 21.00 87.00 290.00
298.50 21.00 87.00 290.00
298.50 21.00 87.00 290.00
298.50 21.00 87.00 290.00
298.50 21.00 87.00 290.00
298.50 21.00 87.00 290.00
298.50 21.00 87.00 290.00
298.50 21.00 87.00 290.00
298.50 21.00 87.00 290.00
298.50 21.00 87.00 290.00
298.50 21.00 87.00 290.00
298.50 21.00 87.00 290.00
298.50 21.00 87.00 290.00
298.50 21.00 87.00 290.00
298.50 21.00 87.00 290.00
298.50 21.00 87.00 290.00
298.50 21.00 87.00 290.00
298.50 21.00 87.00 290.00
298.50 21.00 87.00 290.00
298.50 21.00 87.00 290.00
298.50 21.00 87.00 290.00
298.50 21.00 87.00 290.00
298.50 21.00 87.00 290.00
298.50 21.00 87.00 290.00
298.50 21.00 87.00 290.00
298.50 21.00 87.00 290.00
298.50 21.00 87.00 290.00
