336.00 164.50 26.00 61.00
336.00 164.50 26.00 61.00
336.00 164.50 26.00 61.00
332.00 164.50 26.00 61.00
328.00 164.50 26.00 61.00
332.00 164.50 26.00 61.00
332.00 164.50 26.00 61.00
332.00 164.50 26.00 61.00
328.00 172.50 26.00 61.00
328.00 172.50 26.00 61.00
332.00 164.50 26.00 61.00
332.00 164.50 26.00 61.00
332.00 160.50 26.00 61.00
324.00 160.50 26.00 61.00
324.00 164.50 26.00 61.00
324.00 164.50 26.00 61.00
324.00 168.50 26.00 61.00
324.00 168.50 26.00 61.00
324.00 184.50 26.00 61.00
324.00 172.50 26.00 61.00
324.00 168.50 26.00 61.00
328.00 160.50 26.00 61.00
332.00 136.50 26.00 61.00
328.00 132.50 26.00 61.00
324.00 128.50 26.00 61.00
324.00 156.50 26.00 61.00
324.00 156.50 26.00 61.00
328.00 160.50 26.00 61.00
328.00 156.50 26.00 61.00
328.00 156.50 26.00 61.00
328.00 164.50 26.00 61.00
328.00 156.50 26.00 61.00
328.00 152.50 26.00 61.00
332.00 152.50 26.00 61.00
332.00 152.50 26.00 61.00
328.00 152.50 26.00 61.00
328.00 152.50 26.00 61.00
328.00 156.50 26.00 61.00
328.00 156.50 26.00 61.00
332.00 156.50 26.00 61.00
332.00 156.50 26.00 61.00
336.00 148.50 26.00 61.00
332.00 152.50 26.00 61.00
332.00 152.50 26.00 61.00
332.00 148.50 26.00 61.00
332.00 148.50 26.00 61.00
328.00 148.50 26.00 61.00
328.00 152.50 26.00 61.00
328.00 156.50 26.00 61.00
328.00 156.50 26.00 61.00
328.00 156.50 26.00 61.00
328.00 160.50 26.00 61.00
332.00 156.50 26.00 61.00
332.00 156.50 26.00 61.00
336.00 152.50 26.00 61.00
336.00 152.50 26.00 61.00
336.00 152.50 26.00 61.00
336.00 152.50 26.00 61.00
336.00 156.50 26.00 61.00
332.00 156.50 26.00 61.00
332.00 156.50 26.00 61.00
332.00 156.50 26.00 61.00
332.00 152.50 26.00 61.00
328.00 152.50 26.00 61.00
328.00 152.50 26.00 61.00
328.00 152.50 26.00 61.00
328.00 152.50 26.00 61.00
324.00 152.50 26.00 61.00
320.00 152.50 26.00 61.00
320.00 152.50 26.00 61.00
320.00 156.50 26.00 61.00
320.00 156.50 26.00 61.00
320.00 156.50 26.00 61.00
320.00 156.50 26.00 61.00
320.00 152.50 26.00 61.00
324.00 152.50 26.00 61.00
324.00 152.50 26.00 61.00
324.00 152.50 26.00 61.00
320.00 156.50 26.00 61.00
320.00 156.50 26.00 61.00
320.00 156.50 26.00 61.00
320.00 156.50 26.00 61.00
320.00 156.50 26.00 61.00
320.00 156.50 26.00 61.00
320.00 156.50 26.00 61.00
320.00 156.50 26.00 61.00
324.00 152.50 26.00 61.00
324.00 152.50 26.00 61.00
324.00 156.50 26.00 61.00
324.00 156.50 26.00 61.00
324.00 156.50 26.00 61.00
324.00 160.50 26.00 61.00
328.00 160.50 26.00 61.00
328.00 156.50 26.00 61.00
328.00 156.50 26.00 61.00
332.00 156.50 26.00 61.00
332.00 156.50 26.00 61.00
336.00 156.50 26.00 61.00
336.00 156.50 26.00 61.00
336.00 156.50 26.00 61.00
336.00 156.50 26.00 61.00
336.00 156.50 26.00 61.00
336.00 156.50 26.00 61.00
336.00 156.50 26.00 61.00
336.00 156.50 26.00 61.00
336.00 156.50 26.00 61.00
340.00 156.50 26.00 61.00
340.00 156.50 26.00 61.00
340.00 156.50 26.00 61.00
344.00 156.50 26.00 61.00
344.00 156.50 26.00 61.00
344.00 160.50 26.00 61.00
348.00 160.50 26.00 61.00
352.00 160.50 26.00 61.00
352.00 160.50 26.00 61.00
356.00 160.50 26.00 61.00
360.00 160.50 26.00 61.00
360.00 160.50 26.00 61.00
364.00 160.50 26.00 61.00
364.00 160.50 26.00 61.00
364.00 160.50 26.00 61.00
364.00 160.50 26.00 61.00
364.00 164.50 26.00 61.00
364.00 164.50 26.00 61.00
364.00 164.50 26.00 61.00
364.00 164.50 26.00 61.00
368.00 164.50 26.00 61.00
368.00 160.50 26.00 61.00
368.00 160.50 26.00 61.00
368.00 160.50 26.00 61.00
372.00 164.50 26.00 61.00
372.00 168.50 26.00 61.00
372.00 168.50 26.00 61.00
376.00 168.50 26.00 61.00
376.00 168.50 26.00 61.00
376.00 168.50 26.00 61.00
380.00 168.50 26.00 61.00
384.00 168.50 26.00 61.00
384.00 168.50 26.00 61.00
388.00 168.50 26.00 61.00
388.00 168.50 26.00 61.00
392.00 172.50 26.00 61.00
392.00 172.50 26.00 61.00
392.00 176.50 26.00 61.00
392.00 176.50 26.00 61.00
396.00 176.50 26.00 61.00
400.00 176.50 26.00 61.00
400.00 176.50 26.00 61.00
404.00 176.50 26.00 61.00
408.00 176.50 26.00 61.00
408.00 172.50 26.00 61.00
408.00 172.50 26.00 61.00
412.00 172.50 26.00 61.00
412.00 176.50 26.00 61.00
412.00 176.50 26.00 61.00
412.00 176.50 26.00 61.00
408.00 176.50 26.00 61.00
408.00 176.50 26.00 61.00
412.00 172.50 26.00 61.00
412.00 172.50 26.00 61.00
412.00 172.50 26.00 61.00
412.00 172.50 26.00 61.00
412.00 172.50 26.00 61.00
416.00 176.50 26.00 61.00
416.00 176.50 26.00 61.00
420.00 176.50 26.00 61.00
424.00 176.50 26.00 61.00
428.00 176.50 26.00 61.00
436.00 176.50 26.00 61.00
440.00 176.50 26.00 61.00
444.00 176.50 26.00 61.00
448.00 176.50 26.00 61.00
452.00 172.50 26.00 61.00
456.00 172.50 26.00 61.00
456.00 172.50 26.00 61.00
460.00 172.50 26.00 61.00
460.00 172.50 26.00 61.00
460.00 168.50 26.00 61.00
464.00 168.50 26.00 61.00
464.00 168.50 26.00 61.00
464.00 164.50 26.00 61.00
464.00 164.50 26.00 61.00
464.00 164.50 26.00 61.00
468.00 168.50 26.00 61.00
468.00 168.50 26.00 61.00
468.00 168.50 26.00 61.00
468.00 172.50 26.00 61.00
468.00 172.50 26.00 61.00
468.00 172.50 26.00 61.00
468.00 172.50 26.00 61.00
468.00 176.50 26.00 61.00
464.00 176.50 26.00 61.00
460.00 176.50 26.00 61.00
460.00 176.50 26.00 61.00
460.00 172.50 26.00 61.00
456.00 176.50 26.00 61.00
456.00 176.50 26.00 61.00
456.00 176.50 26.00 61.00
452.00 176.50 26.00 61.00
452.00 172.50 26.00 61.00
452.00 172.50 26.00 61.00
452.00 172.50 26.00 61.00
456.00 172.50 26.00 61.00
456.00 168.50 26.00 61.00
456.00 168.50 26.00 61.00
456.00 168.50 26.00 61.00
456.00 164.50 26.00 61.00
456.00 164.50 26.00 61.00
452.00 164.50 26.00 61.00
452.00 164.50 26.00 61.00
448.00 164.50 26.00 61.00
448.00 164.50 26.00 61.00
448.00 164.50 26.00 61.00
448.00 164.50 26.00 61.00
448.00 164.50 26.00 61.00
448.00 160.50 26.00 61.00
448.00 160.50 26.00 61.00
448.00 160.50 26.00 61.00
448.00 160.50 26.00 61.00
448.00 160.50 26.00 61.00
448.00 160.50 26.00 61.00
448.00 160.50 26.00 61.00
448.00 160.50 26.00 61.00
452.00 160.50 26.00 61.00
452.00 160.50 26.00 61.00
452.00 160.50 26.00 61.00
452.00 156.50 26.00 61.00
452.00 156.50 26.00 61.00
452.00 156.50 26.00 61.00
452.00 156.50 26.00 61.00
456.00 152.50 26.00 61.00
456.00 152.50 26.00 61.00
456.00 156.50 26.00 61.00
460.00 152.50 26.00 61.00
464.00 152.50 26.00 61.00
468.00 152.50 26.00 61.00
472.00 148.50 26.00 61.00
476.00 148.50 26.00 61.00
480.00 148.50 26.00 61.00
492.00 144.50 26.00 61.00
500.00 144.50 26.00 61.00
504.00 140.50 26.00 61.00
508.00 140.50 26.00 61.00
516.00 140.50 26.00 61.00
524.00 136.50 26.00 61.00
528.00 136.50 26.00 61.00
532.00 132.50 26.00 61.00
532.00 132.50 26.00 61.00
532.00 128.50 26.00 61.00
532.00 128.50 26.00 61.00
532.00 128.50 26.00 61.00
532.00 124.50 26.00 61.00
532.00 124.50 26.00 61.00
528.00 124.50 26.00 61.00
528.00 124.50 26.00 61.00
524.00 124.50 26.00 61.00
524.00 128.50 26.00 61.00
520.00 124.50 26.00 61.00
520.00 124.50 26.00 61.00
516.00 124.50 26.00 61.00
516.00 124.50 26.00 61.00
512.00 124.50 26.00 61.00
508.00 124.50 26.00 61.00
508.00 124.50 26.00 61.00
508.00 120.50 26.00 61.00
504.00 120.50 26.00 61.00
500.00 120.50 26.00 61.00
500.00 120.50 26.00 61.00
500.00 120.50 26.00 61.00
496.00 116.50 26.00 61.00
496.00 112.50 26.00 61.00
492.00 108.50 26.00 61.00
492.00 108.50 26.00 61.00
488.00 104.50 26.00 61.00
484.00 104.50 26.00 61.00
484.00 100.50 26.00 61.00
484.00 100.50 26.00 61.00
484.00 96.50 26.00 61.00
484.00 96.50 26.00 61.00
484.00 96.50 26.00 61.00
484.00 96.50 26.00 61.00
484.00 96.50 26.00 61.00
484.00 92.50 26.00 61.00
484.00 92.50 26.00 61.00
484.00 92.50 26.00 61.00
488.00 92.50 26.00 61.00
488.00 92.50 26.00 61.00
488.00 92.50 26.00 61.00
492.00 92.50 26.00 61.00
492.00 88.50 26.00 61.00
492.00 88.50 26.00 61.00
492.00 88.50 26.00 61.00
492.00 88.50 26.00 61.00
492.00 88.50 26.00 61.00
488.00 88.50 26.00 61.00
488.00 88.50 26.00 61.00
488.00 88.50 26.00 61.00
484.00 88.50 26.00 61.00
484.00 92.50 26.00 61.00
480.00 92.50 26.00 61.00
476.00 88.50 26.00 61.00
476.00 88.50 26.00 61.00
472.00 88.50 26.00 61.00
464.00 88.50 26.00 61.00
460.00 92.50 26.00 61.00
456.00 92.50 26.00 61.00
452.00 96.50 26.00 61.00
448.00 96.50 26.00 61.00
444.00 96.50 26.00 61.00
440.00 96.50 26.00 61.00
440.00 96.50 26.00 61.00
436.00 96.50 26.00 61.00
436.00 96.50 26.00 61.00
432.00 96.50 26.00 61.00
432.00 96.50 26.00 61.00
432.00 96.50 26.00 61.00
428.00 96.50 26.00 61.00
428.00 96.50 26.00 61.00
428.00 100.50 26.00 61.00
428.00 100.50 26.00 61.00
428.00 100.50 26.00 61.00
428.00 100.50 26.00 61.00
428.00 100.50 26.00 61.00
428.00 100.50 26.00 61.00
428.00 100.50 26.00 61.00
424.00 96.50 26.00 61.00
424.00 96.50 26.00 61.00
424.00 96.50 26.00 61.00
424.00 96.50 26.00 61.00
420.00 96.50 26.00 61.00
420.00 96.50 26.00 61.00
416.00 96.50 26.00 61.00
412.00 96.50 26.00 61.00
412.00 96.50 26.00 61.00
408.00 96.50 26.00 61.00
408.00 96.50 26.00 61.00
408.00 96.50 26.00 61.00
404.00 96.50 26.00 61.00
400.00 92.50 26.00 61.00
400.00 92.50 26.00 61.00
396.00 96.50 26.00 61.00
396.00 96.50 26.00 61.00
392.00 96.50 26.00 61.00
388.00 92.50 26.00 61.00
384.00 96.50 26.00 61.00
380.00 96.50 26.00 61.00
376.00 96.50 26.00 61.00
372.00 92.50 26.00 61.00
372.00 92.50 26.00 61.00
372.00 92.50 26.00 61.00
