252.50 66.00 23.00 28.00
252.50 66.00 23.00 28.00
248.50 66.00 23.00 28.00
244.50 66.00 23.00 28.00
240.50 70.00 23.00 28.00
240.50 70.00 23.00 28.00
236.50 70.00 23.00 28.00
236.50 70.00 23.00 28.00
236.50 70.00 23.00 28.00
232.50 66.00 23.00 28.00
232.50 66.00 23.00 28.00
232.50 66.00 23.00 28.00
232.50 66.00 23.00 28.00
232.50 66.00 23.00 28.00
232.50 66.00 23.00 28.00
228.50 66.00 23.00 28.00
228.50 66.00 23.00 28.00
228.50 66.00 23.00 28.00
228.50 66.00 23.00 28.00
228.50 66.00 23.00 28.00
228.50 66.00 23.00 28.00
228.50 66.00 23.00 28.00
228.50 66.00 23.00 28.00
228.50 66.00 23.00 28.00
228.50 62.00 23.00 28.00
228.50 62.00 23.00 28.00
224.50 62.00 23.00 28.00
224.50 58.00 23.00 28.00
220.50 58.00 23.00 28.00
220.50 58.00 23.00 28.00
220.50 58.00 23.00 28.00
216.50 58.00 23.00 28.00
212.50 58.00 23.00 28.00
212.50 58.00 23.00 28.00
212.50 58.00 23.00 28.00
208.50 58.00 23.00 28.00
208.50 58.00 23.00 28.00
208.50 58.00 23.00 28.00
204.50 62.00 23.00 28.00
204.50 62.00 23.00 28.00
204.50 62.00 23.00 28.00
200.50 62.00 23.00 28.00
200.50 58.00 23.00 28.00
196.50 58.00 23.00 28.00
196.50 58.00 23.00 28.00
196.50 58.00 23.00 28.00
196.50 54.00 23.00 28.00
196.50 54.00 23.00 28.00
196.50 54.00 23.00 28.00
196.50 50.00 23.00 28.00
196.50 50.00 23.00 28.00
196.50 50.00 23.00 28.00
196.50 50.00 23.00 28.00
196.50 50.00 23.00 28.00
196.50 50.00 23.00 28.00
196.50 54.00 23.00 28.00
196.50 54.00 23.00 28.00
196.50 54.00 23.00 28.00
196.50 54.00 23.00 28.00
200.50 58.00 23.00 28.00
200.50 58.00 23.00 28.00
200.50 58.00 23.00 28.00
200.50 58.00 23.00 28.00
200.50 58.00 23.00 28.00
200.50 58.00 23.00 28.00
200.50 58.00 23.00 28.00
200.50 54.00 23.00 28.00
200.50 54.00 23.00 28.00
200.50 54.00 23.00 28.00
196.50 54.00 23.00 28.00
196.50 54.00 23.00 28.00
192.50 54.00 23.00 28.00
192.50 54.00 23.00 28.00
188.50 54.00 23.00 28.00
188.50 54.00 23.00 28.00
188.50 54.00 23.00 28.00
184.50 54.00 23.00 28.00
184.50 54.00 23.00 28.00
180.50 54.00 23.00 28.00
180.50 54.00 23.00 28.00
180.50 54.00 23.00 28.00
176.50 50.00 23.00 28.00
172.50 50.00 23.00 28.00
172.50 50.00 23.00 28.00
172.50 50.00 23.00 28.00
168.50 50.00 23.00 28.00
164.50 50.00 23.00 28.00
160.50 50.00 23.00 28.00
156.50 50.00 23.00 28.00
148.50 50.00 23.00 28.00
144.50 54.00 23.00 28.00
140.50 58.00 23.00 28.00
136.50 58.00 23.00 28.00
132.50 62.00 23.00 28.00
124.50 62.00 23.00 28.00
120.50 66.00 23.00 28.00
112.50 66.00 23.00 28.00
108.50 66.00 23.00 28.00
100.50 66.00 23.00 28.00
92.50 66.00 23.00 28.00
88.50 66.00 23.00 28.00
84.50 66.00 23.00 28.00
80.50 66.00 23.00 28.00
80.50 66.00 23.00 28.00
76.50 66.00 23.00 28.00
76.50 70.00 23.00 28.00
72.50 70.00 23.00 28.00
72.50 74.00 23.00 28.00
68.50 74.00 23.00 28.00
68.50 74.00 23.00 28.00
68.50 78.00 23.00 28.00
68.50 82.00 23.00 28.00
68.50 82.00 23.00 28.00
72.50 86.00 23.00 28.00
72.50 86.00 23.00 28.00
72.50 86.00 23.00 28.00
76.50 86.00 23.00 28.00
76.50 86.00 23.00 28.00
80.50 86.00 23.00 28.00
84.50 86.00 23.00 28.00
84.50 82.00 23.00 28.00
88.50 82.00 23.00 28.00
88.50 82.00 23.00 28.00
88.50 82.00 23.00 28.00
88.50 82.00 23.00 28.00
92.50 82.00 23.00 28.00
92.50 82.00 23.00 28.00
92.50 82.00 23.00 28.00
96.50 86.00 23.00 28.00
96.50 86.00 23.00 28.00
96.50 86.00 23.00 28.00
100.50 86.00 23.00 28.00
100.50 86.00 23.00 28.00
100.50 86.00 23.00 28.00
100.50 86.00 23.00 28.00
100.50 82.00 23.00 28.00
100.50 78.00 23.00 28.00
96.50 74.00 23.00 28.00
96.50 74.00 23.00 28.00
96.50 70.00 23.00 28.00
96.50 70.00 23.00 28.00
92.50 70.00 23.00 28.00
92.50 70.00 23.00 28.00
92.50 70.00 23.00 28.00
92.50 70.00 23.00 28.00
88.50 70.00 23.00 28.00
88.50 70.00 23.00 28.00
84.50 70.00 23.00 28.00
80.50 70.00 23.00 28.00
76.50 70.00 23.00 28.00
68.50 70.00 23.00 28.00
64.50 74.00 23.00 28.00
60.50 74.00 23.00 28.00
56.50 78.00 23.00 28.00
52.50 78.00 23.00 28.00
52.50 78.00 23.00 28.00
52.50 78.00 23.00 28.00
52.50 78.00 23.00 28.00
56.50 82.00 23.00 28.00
60.50 82.00 23.00 28.00
64.50 82.00 23.00 28.00
68.50 82.00 23.00 28.00
72.50 82.00 23.00 28.00
76.50 82.00 23.00 28.00
80.50 82.00 23.00 28.00
84.50 82.00 23.00 28.00
88.50 82.00 23.00 28.00
92.50 82.00 23.00 28.00
96.50 78.00 23.00 28.00
100.50 78.00 23.00 28.00
104.50 78.00 23.00 28.00
108.50 74.00 23.00 28.00
112.50 74.00 23.00 28.00
112.50 74.00 23.00 28.00
116.50 74.00 23.00 28.00
120.50 74.00 23.00 28.00
120.50 74.00 23.00 28.00
124.50 74.00 23.00 28.00
124.50 74.00 23.00 28.00
128.50 74.00 23.00 28.00
132.50 78.00 23.00 28.00
132.50 78.00 23.00 28.00
124.50 86.00 23.00 28.00
120.50 90.00 23.00 28.00
116.50 94.00 23.00 28.00
112.50 102.00 23.00 28.00
104.50 110.00 23.00 28.00
100.50 106.00 23.00 28.00
96.50 110.00 23.00 28.00
92.50 110.00 23.00 28.00
88.50 110.00 23.00 28.00
80.50 106.00 23.00 28.00
72.50 106.00 23.00 28.00
68.50 106.00 23.00 28.00
60.50 106.00 23.00 28.00
56.50 110.00 23.00 28.00
48.50 110.00 23.00 28.00
40.50 114.00 23.00 28.00
32.50 118.00 23.00 28.00
24.50 122.00 23.00 28.00
16.50 122.00 23.00 28.00
28.50 126.00 23.00 28.00
24.50 134.00 23.00 28.00
24.50 138.00 23.00 28.00
28.50 142.00 23.00 28.00
24.50 142.00 23.00 28.00
24.50 138.00 23.00 28.00
24.50 142.00 23.00 28.00
20.50 138.00 23.00 28.00
28.50 142.00 23.00 28.00
28.50 138.00 23.00 28.00
28.50 138.00 23.00 28.00
32.50 134.00 23.00 28.00
36.50 134.00 23.00 28.00
36.50 138.00 23.00 28.00
36.50 142.00 23.00 28.00
36.50 142.00 23.00 28.00
36.50 142.00 23.00 28.00
36.50 138.00 23.00 28.00
36.50 138.00 23.00 28.00
36.50 134.00 23.00 28.00
40.50 126.00 23.00 28.00
40.50 126.00 23.00 28.00
40.50 126.00 23.00 28.00
40.50 126.00 23.00 28.00
44.50 126.00 23.00 28.00
36.50 126.00 23.00 28.00
40.50 122.00 23.00 28.00
40.50 122.00 23.00 28.00
40.50 122.00 23.00 28.00
40.50 114.00 23.00 28.00
36.50 114.00 23.00 28.00
36.50 110.00 23.00 28.00
36.50 110.00 23.00 28.00
36.50 106.00 23.00 28.00
40.50 110.00 23.00 28.00
36.50 106.00 23.00 28.00
36.50 106.00 23.00 28.00
40.50 106.00 23.00 28.00
44.50 110.00 23.00 28.00
40.50 110.00 23.00 28.00
40.50 110.00 23.00 28.00
40.50 114.00 23.00 28.00
40.50 114.00 23.00 28.00
36.50 114.00 23.00 28.00
36.50 114.00 23.00 28.00
36.50 106.00 23.00 28.00
36.50 110.00 23.00 28.00
40.50 106.00 23.00 28.00
40.50 106.00 23.00 28.00
40.50 106.00 23.00 28.00
40.50 106.00 23.00 28.00
40.50 106.00 23.00 28.00
36.50 106.00 23.00 28.00
36.50 106.00 23.00 28.00
32.50 106.00 23.00 28.00
28.50 106.00 23.00 28.00
28.50 106.00 23.00 28.00
24.50 106.00 23.00 28.00
24.50 106.00 23.00 28.00
20.50 106.00 23.00 28.00
20.50 106.00 23.00 28.00
20.50 106.00 23.00 28.00
20.50 106.00 23.00 28.00
16.50 106.00 23.00 28.00
16.50 106.00 23.00 28.00
16.50 106.00 23.00 28.00
16.50 106.00 23.00 28.00
16.50 106.00 23.00 28.00
16.50 106.00 23.00 28.00
16.50 106.00 23.00 28.00
16.50 106.00 23.00 28.00
16.50 106.00 23.00 28.00
16.50 106.00 23.00 28.00
16.50 106.00 23.00 28.00
16.50 106.00 23.00 28.00
16.50 106.00 23.00 28.00
16.50 106.00 23.00 28.00
16.50 106.00 23.00 28.00
16.50 106.00 23.00 28.00
16.50 106.00 23.00 28.00
12.50 106.00 23.00 28.00
12.50 106.00 23.00 28.00
12.50 106.00 23.00 28.00
12.50 106.00 23.00 28.00
12.50 106.00 23.00 28.00
12.50 106.00 23.00 28.00
12.50 106.00 23.00 28.00
12.50 106.00 23.00 28.00
12.50 106.00 23.00 28.00
8.50 106.00 23.00 28.00
8.50 106.00 23.00 28.00
8.50 106.00 23.00 28.00
8.50 106.00 23.00 28.00
8.50 106.00 23.00 28.00
8.50 106.00 23.00 28.00
8.50 106.00 23.00 28.00
8.50 106.00 23.00 28.00
8.50 106.00 23.00 28.00
8.50 106.00 23.00 28.00
8.50 106.00 23.00 28.00
12.50 106.00 23.00 28.00
12.50 106.00 23.00 28.00
12.50 106.00 23.00 28.00
12.50 106.00 23.00 28.00
16.50 106.00 23.00 28.00
16.50 106.00 23.00 28.00
16.50 106.00 23.00 28.00
16.50 106.00 23.00 28.00
16.50 106.00 23.00 28.00
16.50 106.00 23.00 28.00
20.50 106.00 23.00 28.00
20.50 106.00 23.00 28.00
20.50 106.00 23.00 28.00
20.50 106.00 23.00 28.00
20.50 106.00 23.00 28.00
20.50 106.00 23.00 28.00
24.50 106.00 23.00 28.00
24.50 106.00 23.00 28.00
24.50 106.00 23.00 28.00
24.50 106.00 23.00 28.00
24.50 106.00 23.00 28.00
24.50 106.00 23.00 28.00
24.50 106.00 23.00 28.00
24.50 106.00 23.00 28.00
24.50 106.00 23.00 28.00
