82.50 199.50 35.00 131.00
82.50 199.50 35.00 131.00
86.50 195.50 35.00 131.00
90.50 195.50 35.00 131.00
94.50 199.50 35.00 131.00
102.50 199.50 35.00 131.00
106.50 199.50 35.00 131.00
106.50 199.50 35.00 131.00
110.50 199.50 35.00 131.00
114.50 203.50 35.00 131.00
114.50 203.50 35.00 131.00
118.50 199.50 35.00 131.00
118.50 199.50 35.00 131.00
122.50 199.50 35.00 131.00
126.50 203.50 35.00 131.00
126.50 203.50 35.00 131.00
134.50 203.50 35.00 131.00
138.50 203.50 35.00 131.00
142.50 199.50 35.00 131.00
146.50 199.50 35.00 131.00
150.50 199.50 35.00 131.00
154.50 199.50 35.00 131.00
154.50 199.50 35.00 131.00
158.50 199.50 35.00 131.00
162.50 199.50 35.00 131.00
166.50 199.50 35.00 131.00
166.50 199.50 35.00 131.00
170.50 199.50 35.00 131.00
174.50 199.50 35.00 131.00
178.50 199.50 35.00 131.00
182.50 199.50 35.00 131.00
186.50 195.50 35.00 131.00
186.50 195.50 35.00 131.00
190.50 195.50 35.00 131.00
194.50 195.50 35.00 131.00
198.50 195.50 35.00 131.00
202.50 195.50 35.00 131.00
206.50 195.50 35.00 131.00
210.50 191.50 35.00 131.00
214.50 191.50 35.00 131.00
222.50 191.50 35.00 131.00
226.50 191.50 35.00 131.00
230.50 191.50 35.00 131.00
234.50 191.50 35.00 131.00
234.50 191.50 35.00 131.00
238.50 191.50 35.00 131.00
242.50 191.50 35.00 131.00
246.50 191.50 35.00 131.00
250.50 191.50 35.00 131.00
258.50 191.50 35.00 131.00
262.50 191.50 35.00 131.00
266.50 191.50 35.00 131.00
270.50 191.50 35.00 131.00
278.50 191.50 35.00 131.00
282.50 191.50 35.00 131.00
286.50 191.50 35.00 131.00
290.50 191.50 35.00 131.00
294.50 191.50 35.00 131.00
302.50 191.50 35.00 131.00
306.50 191.50 35.00 131.00
310.50 191.50 35.00 131.00
318.50 195.50 35.00 131.00
322.50 195.50 35.00 131.00
326.50 195.50 35.00 131.00
330.50 195.50 35.00 131.00
334.50 191.50 35.00 131.00
338.50 195.50 35.00 131.00
342.50 195.50 35.00 131.00
346.50 195.50 35.00 131.00
350.50 195.50 35.00 131.00
358.50 195.50 35.00 131.00
362.50 199.50 35.00 131.00
366.50 199.50 35.00 131.00
370.50 199.50 35.00 131.00
370.50 199.50 35.00 131.00
374.50 199.50 35.00 131.00
378.50 199.50 35.00 131.00
382.50 199.50 35.00 131.00
386.50 199.50 35.00 131.00
390.50 199.50 35.00 131.00
394.50 199.50 35.00 131.00
394.50 199.50 35.00 131.00
394.50 199.50 35.00 131.00
394.50 195.50 35.00 131.00
394.50 195.50 35.00 131.00
390.50 195.50 35.00 131.00
386.50 195.50 35.00 131.00
386.50 199.50 35.00 131.00
382.50 199.50 35.00 131.00
382.50 199.50 35.00 131.00
378.50 195.50 35.00 131.00
378.50 195.50 35.00 131.00
374.50 199.50 35.00 131.00
370.50 199.50 35.00 131.00
370.50 199.50 35.00 131.00
366.50 203.50 35.00 131.00
366.50 203.50 35.00 131.00
362.50 203.50 35.00 131.00
362.50 203.50 35.00 131.00
366.50 203.50 35.00 131.00
366.50 203.50 35.00 131.00
366.50 203.50 35.00 131.00
366.50 203.50 35.00 131.00
366.50 203.50 35.00 131.00
366.50 203.50 35.00 131.00
366.50 203.50 35.00 131.00
366.50 207.50 35.00 131.00
366.50 207.50 35.00 131.00
366.50 207.50 35.00 131.00
366.50 211.50 35.00 131.00
366.50 211.50 35.00 131.00
366.50 207.50 35.00 131.00
366.50 207.50 35.00 131.00
370.50 207.50 35.00 131.00
370.50 207.50 35.00 131.00
370.50 207.50 35.00 131.00
370.50 207.50 35.00 131.00
370.50 207.50 35.00 131.00
374.50 207.50 35.00 131.00
374.50 211.50 35.00 131.00
374.50 211.50 35.00 131.00
374.50 211.50 35.00 131.00
378.50 215.50 35.00 131.00
378.50 215.50 35.00 131.00
382.50 215.50 35.00 131.00
386.50 215.50 35.00 131.00
390.50 211.50 35.00 131.00
398.50 211.50 35.00 131.00
406.50 211.50 35.00 131.00
414.50 211.50 35.00 131.00
422.50 211.50 35.00 131.00
430.50 211.50 35.00 131.00
442.50 211.50 35.00 131.00
450.50 211.50 35.00 131.00
458.50 211.50 35.00 131.00
462.50 207.50 35.00 131.00
466.50 207.50 35.00 131.00
470.50 207.50 35.00 131.00
474.50 207.50 35.00 131.00
478.50 207.50 35.00 131.00
482.50 207.50 35.00 131.00
486.50 211.50 35.00 131.00
490.50 211.50 35.00 131.00
494.50 211.50 35.00 131.00
498.50 211.50 35.00 131.00
506.50 211.50 35.00 131.00
510.50 211.50 35.00 131.00
514.50 211.50 35.00 131.00
518.50 211.50 35.00 131.00
522.50 211.50 35.00 131.00
522.50 211.50 35.00 131.00
522.50 211.50 35.00 131.00
518.50 211.50 35.00 131.00
514.50 211.50 35.00 131.00
506.50 211.50 35.00 131.00
498.50 207.50 35.00 131.00
490.50 207.50 35.00 131.00
482.50 207.50 35.00 131.00
474.50 207.50 35.00 131.00
470.50 207.50 35.00 131.00
462.50 207.50 35.00 131.00
458.50 207.50 35.00 131.00
454.50 207.50 35.00 131.00
454.50 207.50 35.00 131.00
450.50 207.50 35.00 131.00
450.50 207.50 35.00 131.00
450.50 207.50 35.00 131.00
450.50 203.50 35.00 131.00
450.50 203.50 35.00 131.00
450.50 203.50 35.00 131.00
450.50 203.50 35.00 131.00
446.50 203.50 35.00 131.00
442.50 203.50 35.00 131.00
442.50 203.50 35.00 131.00
438.50 203.50 35.00 131.00
438.50 199.50 35.00 131.00
438.50 199.50 35.00 131.00
434.50 199.50 35.00 131.00
434.50 199.50 35.00 131.00
430.50 199.50 35.00 131.00
426.50 199.50 35.00 131.00
422.50 199.50 35.00 131.00
418.50 199.50 35.00 131.00
414.50 199.50 35.00 131.00
410.50 199.50 35.00 131.00
410.50 199.50 35.00 131.00
406.50 199.50 35.00 131.00
406.50 203.50 35.00 131.00
406.50 199.50 35.00 131.00
402.50 199.50 35.00 131.00
398.50 199.50 35.00 131.00
394.50 199.50 35.00 131.00
390.50 195.50 35.00 131.00
390.50 195.50 35.00 131.00
386.50 195.50 35.00 131.00
382.50 195.50 35.00 131.00
382.50 195.50 35.00 131.00
378.50 199.50 35.00 131.00
378.50 199.50 35.00 131.00
378.50 199.50 35.00 131.00
374.50 199.50 35.00 131.00
370.50 199.50 35.00 131.00
370.50 195.50 35.00 131.00
366.50 195.50 35.00 131.00
362.50 195.50 35.00 131.00
362.50 195.50 35.00 131.00
362.50 195.50 35.00 131.00
362.50 199.50 35.00 131.00
362.50 199.50 35.00 131.00
362.50 199.50 35.00 131.00
362.50 199.50 35.00 131.00
358.50 199.50 35.00 131.00
358.50 199.50 35.00 131.00
358.50 199.50 35.00 131.00
354.50 195.50 35.00 131.00
354.50 195.50 35.00 131.00
354.50 195.50 35.00 131.00
350.50 195.50 35.00 131.00
350.50 195.50 35.00 131.00
346.50 195.50 35.00 131.00
346.50 195.50 35.00 131.00
342.50 195.50 35.00 131.00
342.50 195.50 35.00 131.00
342.50 191.50 35.00 131.00
338.50 191.50 35.00 131.00
338.50 191.50 35.00 131.00
338.50 191.50 35.00 131.00
334.50 195.50 35.00 131.00
330.50 195.50 35.00 131.00
326.50 195.50 35.00 131.00
326.50 195.50 35.00 131.00
326.50 195.50 35.00 131.00
322.50 195.50 35.00 131.00
322.50 195.50 35.00 131.00
318.50 195.50 35.00 131.00
318.50 191.50 35.00 131.00
318.50 191.50 35.00 131.00
318.50 191.50 35.00 131.00
318.50 191.50 35.00 131.00
314.50 187.50 35.00 131.00
314.50 187.50 35.00 131.00
310.50 187.50 35.00 131.00
306.50 183.50 35.00 131.00
306.50 183.50 35.00 131.00
306.50 179.50 35.00 131.00
302.50 179.50 35.00 131.00
298.50 179.50 35.00 131.00
294.50 183.50 35.00 131.00
290.50 183.50 35.00 131.00
286.50 183.50 35.00 131.00
282.50 187.50 35.00 131.00
278.50 183.50 35.00 131.00
