179.50 79.00 37.00 114.00
179.50 83.00 37.00 114.00
179.50 87.00 37.00 114.00
179.50 91.00 37.00 114.00
175.50 91.00 37.00 114.00
175.50 91.00 37.00 114.00
175.50 95.00 37.00 114.00
175.50 95.00 37.00 114.00
171.50 95.00 37.00 114.00
167.50 95.00 37.00 114.00
167.50 99.00 37.00 114.00
163.50 103.00 37.00 114.00
163.50 103.00 37.00 114.00
159.50 103.00 37.00 114.00
159.50 99.00 37.00 114.00
159.50 99.00 37.00 114.00
159.50 95.00 37.00 114.00
155.50 91.00 37.00 114.00
159.50 91.00 37.00 114.00
159.50 95.00 37.00 114.00
163.50 95.00 37.00 114.00
163.50 99.00 37.00 114.00
167.50 99.00 37.00 114.00
163.50 95.00 37.00 114.00
167.50 95.00 37.00 114.00
167.50 95.00 37.00 114.00
167.50 95.00 37.00 114.00
167.50 95.00 37.00 114.00
171.50 91.00 37.00 114.00
171.50 91.00 37.00 114.00
171.50 91.00 37.00 114.00
171.50 91.00 37.00 114.00
171.50 91.00 37.00 114.00
171.50 91.00 37.00 114.00
171.50 87.00 37.00 114.00
171.50 87.00 37.00 114.00
167.50 87.00 37.00 114.00
167.50 87.00 37.00 114.00
167.50 87.00 37.00 114.00
167.50 87.00 37.00 114.00
167.50 91.00 37.00 114.00
163.50 87.00 37.00 114.00
159.50 87.00 37.00 114.00
159.50 87.00 37.00 114.00
155.50 87.00 37.00 114.00
151.50 83.00 37.00 114.00
147.50 87.00 37.00 114.00
143.50 87.00 37.00 114.00
139.50 83.00 37.00 114.00
131.50 83.00 37.00 114.00
127.50 87.00 37.00 114.00
123.50 87.00 37.00 114.00
119.50 87.00 37.00 114.00
119.50 87.00 37.00 114.00
115.50 83.00 37.00 114.00
111.50 79.00 37.00 114.00
111.50 83.00 37.00 114.00
115.50 79.00 37.00 114.00
115.50 75.00 37.00 114.00
115.50 71.00 37.00 114.00
115.50 71.00 37.00 114.00
115.50 71.00 37.00 114.00
111.50 71.00 37.00 114.00
107.50 67.00 37.00 114.00
107.50 67.00 37.00 114.00
107.50 63.00 37.00 114.00
103.50 59.00 37.00 114.00
103.50 63.00 37.00 114.00
99.50 59.00 37.00 114.00
95.50 59.00 37.00 114.00
95.50 59.00 37.00 114.00
91.50 55.00 37.00 114.00
87.50 55.00 37.00 114.00
83.50 55.00 37.00 114.00
83.50 55.00 37.00 114.00
79.50 55.00 37.00 114.00
75.50 55.00 37.00 114.00
67.50 55.00 37.00 114.00
51.50 55.00 37.00 114.00
47.50 55.00 37.00 114.00
43.50 55.00 37.00 114.00
39.50 51.00 37.00 114.00
35.50 47.00 37.00 114.00
31.50 43.00 37.00 114.00
31.50 43.00 37.00 114.00
27.50 39.00 37.00 114.00
27.50 39.00 37.00 114.00
23.50 35.00 37.00 114.00
23.50 35.00 37.00 114.00
23.50 31.00 37.00 114.00
23.50 31.00 37.00 114.00
23.50 31.00 37.00 114.00
19.50 31.00 37.00 114.00
19.50 31.00 37.00 114.00
15.50 31.00 37.00 114.00
15.50 31.00 37.00 114.00
7.50 31.00 37.00 114.00
3.50 27.00 37.00 114.00
-0.50 27.00 37.00 114.00
-4.50 27.00 37.00 114.00
-8.50 23.00 37.00 114.00
-12.50 19.00 37.00 114.00
-16.50 19.00 37.00 114.00
-24.50 15.00 37.00 114.00
-28.50 15.00 37.00 114.00
-32.50 11.00 37.00 114.00
-12.50 11.00 37.00 114.00
-12.50 27.00 37.00 114.00
-12.50 43.00 37.00 114.00
-12.50 3.00 37.00 114.00
-16.50 7.00 37.00 114.00
-0.50 15.00 37.00 114.00
3.50 15.00 37.00 114.00
7.50 15.00 37.00 114.00
7.50 19.00 37.00 114.00
11.50 27.00 37.00 114.00
7.50 27.00 37.00 114.00
3.50 27.00 37.00 114.00
-0.50 31.00 37.00 114.00
-4.50 31.00 37.00 114.00
-4.50 31.00 37.00 114.00
-4.50 31.00 37.00 114.00
-4.50 27.00 37.00 114.00
-4.50 27.00 37.00 114.00
-4.50 27.00 37.00 114.00
-4.50 27.00 37.00 114.00
-8.50 27.00 37.00 114.00
-8.50 31.00 37.00 114.00
-8.50 27.00 37.00 114.00
-4.50 31.00 37.00 114.00
-4.50 31.00 37.00 114.00
-4.50 35.00 37.00 114.00
-4.50 35.00 37.00 114.00
-4.50 35.00 37.00 114.00
-4.50 39.00 37.00 114.00
-4.50 43.00 37.00 114.00
-4.50 47.00 37.00 114.00
-4.50 47.00 37.00 114.00
-4.50 47.00 37.00 114.00
-4.50 51.00 37.00 114.00
-4.50 55.00 37.00 114.00
-0.50 55.00 37.00 114.00
-0.50 55.00 37.00 114.00
-4.50 51.00 37.00 114.00
-4.50 51.00 37.00 114.00
-4.50 51.00 37.00 114.00
-4.50 51.00 37.00 114.00
-4.50 47.00 37.00 114.00
-4.50 47.00 37.00 114.00
-4.50 47.00 37.00 114.00
-4.50 43.00 37.00 114.00
-4.50 39.00 37.00 114.00
-4.50 35.00 37.00 114.00
-4.50 35.00 37.00 114.00
-4.50 35.00 37.00 114.00
-4.50 35.00 37.00 114.00
-4.50 31.00 37.00 114.00
-4.50 27.00 37.00 114.00
-4.50 27.00 37.00 114.00
-4.50 31.00 37.00 114.00
-4.50 31.00 37.00 114.00
-4.50 31.00 37.00 114.00
-4.50 31.00 37.00 114.00
-4.50 31.00 37.00 114.00
-4.50 31.00 37.00 114.00
-4.50 31.00 37.00 114.00
-4.50 31.00 37.00 114.00
-4.50 31.00 37.00 114.00
-4.50 31.00 37.00 114.00
-4.50 31.00 37.00 114.00
-4.50 35.00 37.00 114.00
-4.50 35.00 37.00 114.00
-4.50 35.00 37.00 114.00
-4.50 35.00 37.00 114.00
-4.50 35.00 37.00 114.00
-4.50 39.00 37.00 114.00
-4.50 39.00 37.00 114.00
-4.50 39.00 37.00 114.00
-4.50 39.00 37.00 114.00
-4.50 43.00 37.00 114.00
-4.50 43.00 37.00 114.00
-4.50 39.00 37.00 114.00
-4.50 39.00 37.00 114.00
-4.50 39.00 37.00 114.00
-4.50 43.00 37.00 114.00
-4.50 43.00 37.00 114.00
-4.50 43.00 37.00 114.00
-4.50 39.00 37.00 114.00
-4.50 39.00 37.00 114.00
-4.50 39.00 37.00 114.00
-4.50 35.00 37.00 114.00
-4.50 31.00 37.00 114.00
-4.50 31.00 37.00 114.00
-4.50 31.00 37.00 114.00
-4.50 31.00 37.00 114.00
-4.50 31.00 37.00 114.00
-4.50 31.00 37.00 114.00
-4.50 27.00 37.00 114.00
-4.50 27.00 37.00 114.00
-4.50 27.00 37.00 114.00
-4.50 27.00 37.00 114.00
-4.50 31.00 37.00 114.00
-4.50 31.00 37.00 114.00
-4.50 31.00 37.00 114.00
-4.50 35.00 37.00 114.00
-4.50 35.00 37.00 114.00
-4.50 35.00 37.00 114.00
-4.50 35.00 37.00 114.00
-4.50 39.00 37.00 114.00
-4.50 43.00 37.00 114.00
-4.50 43.00 37.00 114.00
-4.50 43.00 37.00 114.00
-4.50 47.00 37.00 114.00
-4.50 47.00 37.00 114.00
-4.50 51.00 37.00 114.00
-4.50 55.00 37.00 114.00
-4.50 63.00 37.00 114.00
-4.50 63.00 37.00 114.00
-4.50 67.00 37.00 114.00
-4.50 71.00 37.00 114.00
-4.50 71.00 37.00 114.00
-4.50 71.00 37.00 114.00
-4.50 67.00 37.00 114.00
-4.50 63.00 37.00 114.00
-4.50 63.00 37.00 114.00
-4.50 59.00 37.00 114.00
-4.50 55.00 37.00 114.00
-4.50 51.00 37.00 114.00
-4.50 51.00 37.00 114.00
-4.50 51.00 37.00 114.00
-4.50 51.00 37.00 114.00
-4.50 55.00 37.00 114.00
-4.50 55.00 37.00 114.00
-4.50 51.00 37.00 114.00
-4.50 51.00 37.00 114.00
-4.50 47.00 37.00 114.00
-4.50 43.00 37.00 114.00
-0.50 39.00 37.00 114.00
-4.50 35.00 37.00 114.00
-4.50 35.00 37.00 114.00
-4.50 39.00 37.00 114.00
-4.50 43.00 37.00 114.00
-4.50 43.00 37.00 114.00
-4.50 43.00 37.00 114.00
-4.50 43.00 37.00 114.00
-4.50 43.00 37.00 114.00
-4.50 39.00 37.00 114.00
-4.50 43.00 37.00 114.00
-4.50 43.00 37.00 114.00
-4.50 47.00 37.00 114.00
-4.50 51.00 37.00 114.00
-4.50 51.00 37.00 114.00
-4.50 55.00 37.00 114.00
-4.50 55.00 37.00 114.00
-4.50 55.00 37.00 114.00
-4.50 55.00 37.00 114.00
-4.50 55.00 37.00 114.00
-4.50 59.00 37.00 114.00
-4.50 59.00 37.00 114.00
-4.50 59.00 37.00 114.00
-4.50 63.00 37.00 114.00
-4.50 63.00 37.00 114.00
-4.50 67.00 37.00 114.00
-4.50 67.00 37.00 114.00
-4.50 75.00 37.00 114.00
-4.50 79.00 37.00 114.00
-4.50 79.00 37.00 114.00
-4.50 79.00 37.00 114.00
-4.50 79.00 37.00 114.00
-4.50 75.00 37.00 114.00
-4.50 75.00 37.00 114.00
-4.50 75.00 37.00 114.00
-4.50 71.00 37.00 114.00
-4.50 67.00 37.00 114.00
-4.50 71.00 37.00 114.00
-4.50 71.00 37.00 114.00
-4.50 71.00 37.00 114.00
-4.50 75.00 37.00 114.00
-4.50 75.00 37.00 114.00
-4.50 75.00 37.00 114.00
-4.50 75.00 37.00 114.00
-4.50 75.00 37.00 114.00
-4.50 79.00 37.00 114.00
-4.50 79.00 37.00 114.00
-4.50 79.00 37.00 114.00
-4.50 79.00 37.00 114.00
-4.50 79.00 37.00 114.00
-4.50 83.00 37.00 114.00
-4.50 83.00 37.00 114.00
-4.50 83.00 37.00 114.00
-4.50 83.00 37.00 114.00
-4.50 83.00 37.00 114.00
-4.50 83.00 37.00 114.00
-4.50 87.00 37.00 114.00
-4.50 91.00 37.00 114.00
-8.50 91.00 37.00 114.00
-8.50 95.00 37.00 114.00
-8.50 91.00 37.00 114.00
-8.50 91.00 37.00 114.00
-4.50 91.00 37.00 114.00
-4.50 91.00 37.00 114.00
-4.50 87.00 37.00 114.00
-4.50 83.00 37.00 114.00
-4.50 83.00 37.00 114.00
-4.50 83.00 37.00 114.00
-4.50 79.00 37.00 114.00
-4.50 79.00 37.00 114.00
