309.50 102.00 39.00 50.00
309.50 102.00 39.00 50.00
305.50 98.00 39.00 50.00
305.50 98.00 39.00 50.00
305.50 98.00 39.00 50.00
301.50 94.00 39.00 50.00
301.50 94.00 39.00 50.00
301.50 94.00 39.00 50.00
297.50 90.00 39.00 50.00
297.50 90.00 39.00 50.00
297.50 90.00 39.00 50.00
293.50 90.00 39.00 50.00
293.50 90.00 39.00 50.00
293.50 86.00 39.00 50.00
293.50 86.00 39.00 50.00
293.50 86.00 39.00 50.00
289.50 86.00 39.00 50.00
289.50 82.00 39.00 50.00
289.50 82.00 39.00 50.00
289.50 82.00 39.00 50.00
285.50 82.00 39.00 50.00
285.50 82.00 39.00 50.00
285.50 82.00 39.00 50.00
285.50 82.00 39.00 50.00
281.50 82.00 39.00 50.00
281.50 82.00 39.00 50.00
281.50 82.00 39.00 50.00
277.50 82.00 39.00 50.00
277.50 82.00 39.00 50.00
277.50 82.00 39.00 50.00
273.50 82.00 39.00 50.00
273.50 82.00 39.00 50.00
269.50 82.00 39.00 50.00
269.50 82.00 39.00 50.00
269.50 82.00 39.00 50.00
265.50 82.00 39.00 50.00
265.50 82.00 39.00 50.00
261.50 82.00 39.00 50.00
261.50 82.00 39.00 50.00
261.50 82.00 39.00 50.00
257.50 82.00 39.00 50.00
257.50 82.00 39.00 50.00
253.50 82.00 39.00 50.00
253.50 82.00 39.00 50.00
253.50 86.00 39.00 50.00
249.50 86.00 39.00 50.00
249.50 86.00 39.00 50.00
249.50 86.00 39.00 50.00
249.50 86.00 39.00 50.00
249.50 86.00 39.00 50.00
249.50 82.00 39.00 50.00
249.50 82.00 39.00 50.00
249.50 82.00 39.00 50.00
253.50 78.00 39.00 50.00
253.50 78.00 39.00 50.00
257.50 74.00 39.00 50.00
257.50 74.00 39.00 50.00
261.50 70.00 39.00 50.00
265.50 66.00 39.00 50.00
269.50 66.00 39.00 50.00
273.50 62.00 39.00 50.00
277.50 58.00 39.00 50.00
281.50 54.00 39.00 50.00
285.50 54.00 39.00 50.00
285.50 54.00 39.00 50.00
289.50 50.00 39.00 50.00
293.50 50.00 39.00 50.00
297.50 50.00 39.00 50.00
301.50 46.00 39.00 50.00
301.50 46.00 39.00 50.00
305.50 46.00 39.00 50.00
309.50 46.00 39.00 50.00
309.50 42.00 39.00 50.00
313.50 42.00 39.00 50.00
313.50 42.00 39.00 50.00
317.50 42.00 39.00 50.00
317.50 38.00 39.00 50.00
317.50 38.00 39.00 50.00
321.50 38.00 39.00 50.00
321.50 34.00 39.00 50.00
321.50 34.00 39.00 50.00
321.50 30.00 39.00 50.00
321.50 30.00 39.00 50.00
321.50 30.00 39.00 50.00
321.50 26.00 39.00 50.00
321.50 26.00 39.00 50.00
321.50 26.00 39.00 50.00
321.50 26.00 39.00 50.00
321.50 26.00 39.00 50.00
321.50 26.00 39.00 50.00
321.50 26.00 39.00 50.00
321.50 26.00 39.00 50.00
317.50 26.00 39.00 50.00
317.50 26.00 39.00 50.00
317.50 30.00 39.00 50.00
317.50 30.00 39.00 50.00
317.50 30.00 39.00 50.00
317.50 30.00 39.00 50.00
317.50 30.00 39.00 50.00
317.50 34.00 39.00 50.00
313.50 34.00 39.00 50.00
313.50 34.00 39.00 50.00
313.50 34.00 39.00 50.00
313.50 34.00 39.00 50.00
313.50 38.00 39.00 50.00
313.50 38.00 39.00 50.00
313.50 38.00 39.00 50.00
313.50 38.00 39.00 50.00
313.50 38.00 39.00 50.00
313.50 38.00 39.00 50.00
313.50 38.00 39.00 50.00
313.50 38.00 39.00 50.00
313.50 38.00 39.00 50.00
317.50 38.00 39.00 50.00
317.50 38.00 39.00 50.00
317.50 38.00 39.00 50.00
317.50 38.00 39.00 50.00
321.50 38.00 39.00 50.00
321.50 38.00 39.00 50.00
321.50 38.00 39.00 50.00
325.50 38.00 39.00 50.00
325.50 38.00 39.00 50.00
325.50 38.00 39.00 50.00
329.50 42.00 39.00 50.00
329.50 42.00 39.00 50.00
329.50 42.00 39.00 50.00
333.50 46.00 39.00 50.00
333.50 46.00 39.00 50.00
333.50 46.00 39.00 50.00
333.50 50.00 39.00 50.00
333.50 50.00 39.00 50.00
333.50 50.00 39.00 50.00
333.50 50.00 39.00 50.00
333.50 50.00 39.00 50.00
329.50 50.00 39.00 50.00
329.50 50.00 39.00 50.00
329.50 54.00 39.00 50.00
325.50 54.00 39.00 50.00
325.50 54.00 39.00 50.00
325.50 54.00 39.00 50.00
321.50 54.00 39.00 50.00
321.50 54.00 39.00 50.00
317.50 54.00 39.00 50.00
317.50 54.00 39.00 50.00
313.50 54.00 39.00 50.00
313.50 50.00 39.00 50.00
309.50 50.00 39.00 50.00
309.50 50.00 39.00 50.00
309.50 50.00 39.00 50.00
309.50 50.00 39.00 50.00
305.50 50.00 39.00 50.00
305.50 46.00 39.00 50.00
305.50 50.00 39.00 50.00
305.50 50.00 39.00 50.00
305.50 50.00 39.00 50.00
305.50 50.00 39.00 50.00
305.50 50.00 39.00 50.00
305.50 50.00 39.00 50.00
301.50 46.00 39.00 50.00
301.50 46.00 39.00 50.00
301.50 46.00 39.00 50.00
297.50 46.00 39.00 50.00
297.50 46.00 39.00 50.00
297.50 46.00 39.00 50.00
297.50 46.00 39.00 50.00
297.50 46.00 39.00 50.00
293.50 46.00 39.00 50.00
293.50 46.00 39.00 50.00
293.50 46.00 39.00 50.00
293.50 46.00 39.00 50.00
293.50 50.00 39.00 50.00
293.50 50.00 39.00 50.00
293.50 50.00 39.00 50.00
293.50 50.00 39.00 50.00
293.50 50.00 39.00 50.00
293.50 50.00 39.00 50.00
293.50 50.00 39.00 50.00
293.50 50.00 39.00 50.00
293.50 50.00 39.00 50.00
293.50 50.00 39.00 50.00
297.50 50.00 39.00 50.00
297.50 50.00 39.00 50.00
297.50 50.00 39.00 50.00
297.50 50.00 39.00 50.00
301.50 50.00 39.00 50.00
301.50 50.00 39.00 50.00
305.50 50.00 39.00 50.00
305.50 50.00 39.00 50.00
309.50 50.00 39.00 50.00
309.50 50.00 39.00 50.00
313.50 50.00 39.00 50.00
313.50 54.00 39.00 50.00
317.50 54.00 39.00 50.00
317.50 54.00 39.00 50.00
317.50 54.00 39.00 50.00
321.50 54.00 39.00 50.00
321.50 58.00 39.00 50.00
325.50 58.00 39.00 50.00
325.50 58.00 39.00 50.00
329.50 58.00 39.00 50.00
329.50 58.00 39.00 50.00
329.50 62.00 39.00 50.00
329.50 62.00 39.00 50.00
333.50 62.00 39.00 50.00
333.50 62.00 39.00 50.00
333.50 62.00 39.00 50.00
337.50 62.00 39.00 50.00
337.50 66.00 39.00 50.00
337.50 66.00 39.00 50.00
337.50 66.00 39.00 50.00
337.50 66.00 39.00 50.00
337.50 66.00 39.00 50.00
337.50 70.00 39.00 50.00
333.50 70.00 39.00 50.00
333.50 70.00 39.00 50.00
333.50 70.00 39.00 50.00
333.50 70.00 39.00 50.00
333.50 70.00 39.00 50.00
333.50 70.00 39.00 50.00
333.50 70.00 39.00 50.00
333.50 70.00 39.00 50.00
333.50 70.00 39.00 50.00
333.50 70.00 39.00 50.00
333.50 70.00 39.00 50.00
333.50 70.00 39.00 50.00
333.50 70.00 39.00 50.00
333.50 66.00 39.00 50.00
333.50 66.00 39.00 50.00
333.50 66.00 39.00 50.00
333.50 70.00 39.00 50.00
329.50 70.00 39.00 50.00
329.50 70.00 39.00 50.00
329.50 70.00 39.00 50.00
329.50 70.00 39.00 50.00
329.50 70.00 39.00 50.00
329.50 70.00 39.00 50.00
329.50 70.00 39.00 50.00
325.50 70.00 39.00 50.00
325.50 70.00 39.00 50.00
325.50 74.00 39.00 50.00
325.50 74.00 39.00 50.00
325.50 74.00 39.00 50.00
321.50 74.00 39.00 50.00
321.50 74.00 39.00 50.00
321.50 74.00 39.00 50.00
317.50 74.00 39.00 50.00
317.50 74.00 39.00 50.00
317.50 74.00 39.00 50.00
313.50 78.00 39.00 50.00
313.50 78.00 39.00 50.00
313.50 78.00 39.00 50.00
309.50 78.00 39.00 50.00
309.50 78.00 39.00 50.00
305.50 78.00 39.00 50.00
305.50 78.00 39.00 50.00
301.50 78.00 39.00 50.00
301.50 78.00 39.00 50.00
301.50 78.00 39.00 50.00
297.50 78.00 39.00 50.00
297.50 82.00 39.00 50.00
297.50 82.00 39.00 50.00
293.50 82.00 39.00 50.00
293.50 82.00 39.00 50.00
293.50 82.00 39.00 50.00
293.50 86.00 39.00 50.00
293.50 86.00 39.00 50.00
293.50 86.00 39.00 50.00
293.50 90.00 39.00 50.00
293.50 90.00 39.00 50.00
293.50 90.00 39.00 50.00
293.50 94.00 39.00 50.00
293.50 98.00 39.00 50.00
293.50 102.00 39.00 50.00
293.50 102.00 39.00 50.00
293.50 106.00 39.00 50.00
293.50 110.00 39.00 50.00
293.50 114.00 39.00 50.00
293.50 114.00 39.00 50.00
293.50 118.00 39.00 50.00
293.50 118.00 39.00 50.00
293.50 118.00 39.00 50.00
293.50 122.00 39.00 50.00
293.50 122.00 39.00 50.00
289.50 122.00 39.00 50.00
289.50 122.00 39.00 50.00
297.50 130.00 39.00 50.00
297.50 130.00 39.00 50.00
293.50 130.00 39.00 50.00
289.50 130.00 39.00 50.00
289.50 130.00 39.00 50.00
285.50 126.00 39.00 50.00
281.50 126.00 39.00 50.00
281.50 122.00 39.00 50.00
277.50 122.00 39.00 50.00
277.50 118.00 39.00 50.00
273.50 114.00 39.00 50.00
273.50 114.00 39.00 50.00
273.50 110.00 39.00 50.00
269.50 110.00 39.00 50.00
269.50 110.00 39.00 50.00
269.50 106.00 39.00 50.00
269.50 106.00 39.00 50.00
265.50 106.00 39.00 50.00
265.50 102.00 39.00 50.00
265.50 102.00 39.00 50.00
261.50 98.00 39.00 50.00
261.50 98.00 39.00 50.00
257.50 94.00 39.00 50.00
257.50 94.00 39.00 50.00
257.50 94.00 39.00 50.00
257.50 90.00 39.00 50.00
257.50 90.00 39.00 50.00
253.50 86.00 39.00 50.00
253.50 86.00 39.00 50.00
253.50 82.00 39.00 50.00
253.50 82.00 39.00 50.00
253.50 78.00 39.00 50.00
253.50 78.00 39.00 50.00
253.50 74.00 39.00 50.00
253.50 74.00 39.00 50.00
253.50 70.00 39.00 50.00
253.50 70.00 39.00 50.00
253.50 70.00 39.00 50.00
253.50 66.00 39.00 50.00
249.50 66.00 39.00 50.00
249.50 66.00 39.00 50.00
249.50 66.00 39.00 50.00
249.50 66.00 39.00 50.00
249.50 66.00 39.00 50.00
249.50 66.00 39.00 50.00
249.50 66.00 39.00 50.00
249.50 66.00 39.00 50.00
249.50 66.00 39.00 50.00
249.50 66.00 39.00 50.00
249.50 66.00 39.00 50.00
249.50 66.00 39.00 50.00
249.50 66.00 39.00 50.00
249.50 66.00 39.00 50.00
249.50 66.00 39.00 50.00
249.50 70.00 39.00 50.00
249.50 70.00 39.00 50.00
245.50 70.00 39.00 50.00
245.50 74.00 39.00 50.00
245.50 74.00 39.00 50.00
245.50 74.00 39.00 50.00
245.50 78.00 39.00 50.00
245.50 78.00 39.00 50.00
245.50 78.00 39.00 50.00
241.50 82.00 39.00 50.00
241.50 86.00 39.00 50.00
241.50 86.00 39.00 50.00
241.50 86.00 39.00 50.00
241.50 90.00 39.00 50.00
237.50 90.00 39.00 50.00
237.50 90.00 39.00 50.00
237.50 94.00 39.00 50.00
237.50 94.00 39.00 50.00
233.50 98.00 39.00 50.00
233.50 102.00 39.00 50.00
233.50 102.00 39.00 50.00
229.50 102.00 39.00 50.00
229.50 106.00 39.00 50.00
