39.50 198.50 61.00 103.00
39.50 198.50 61.00 103.00
39.50 198.50 61.00 103.00
39.50 198.50 61.00 103.00
39.50 198.50 61.00 103.00
39.50 194.50 61.00 103.00
39.50 194.50 61.00 103.00
39.50 194.50 61.00 103.00
35.50 194.50 61.00 103.00
35.50 194.50 61.00 103.00
35.50 190.50 61.00 103.00
35.50 190.50 61.00 103.00
35.50 186.50 61.00 103.00
35.50 182.50 61.00 103.00
35.50 178.50 61.00 103.00
35.50 170.50 61.00 103.00
35.50 166.50 61.00 103.00
35.50 158.50 61.00 103.00
39.50 150.50 61.00 103.00
39.50 142.50 61.00 103.00
39.50 138.50 61.00 103.00
43.50 130.50 61.00 103.00
47.50 126.50 61.00 103.00
47.50 122.50 61.00 103.00
51.50 114.50 61.00 103.00
55.50 110.50 61.00 103.00
63.50 102.50 61.00 103.00
67.50 98.50 61.00 103.00
75.50 94.50 61.00 103.00
83.50 90.50 61.00 103.00
87.50 86.50 61.00 103.00
95.50 82.50 61.00 103.00
103.50 78.50 61.00 103.00
115.50 70.50 61.00 103.00
123.50 70.50 61.00 103.00
131.50 66.50 61.00 103.00
143.50 62.50 61.00 103.00
151.50 62.50 61.00 103.00
163.50 58.50 61.00 103.00
171.50 58.50 61.00 103.00
183.50 54.50 61.00 103.00
191.50 54.50 61.00 103.00
199.50 50.50 61.00 103.00
211.50 50.50 61.00 103.00
219.50 50.50 61.00 103.00
223.50 50.50 61.00 103.00
231.50 54.50 61.00 103.00
239.50 54.50 61.00 103.00
243.50 54.50 61.00 103.00
251.50 54.50 61.00 103.00
255.50 58.50 61.00 103.00
259.50 58.50 61.00 103.00
263.50 62.50 61.00 103.00
267.50 66.50 61.00 103.00
271.50 66.50 61.00 103.00
275.50 70.50 61.00 103.00
279.50 74.50 61.00 103.00
283.50 74.50 61.00 103.00
287.50 78.50 61.00 103.00
291.50 82.50 61.00 103.00
295.50 90.50 61.00 103.00
299.50 94.50 61.00 103.00
303.50 98.50 61.00 103.00
307.50 102.50 61.00 103.00
311.50 106.50 61.00 103.00
315.50 110.50 61.00 103.00
323.50 114.50 61.00 103.00
327.50 122.50 61.00 103.00
331.50 126.50 61.00 103.00
335.50 134.50 61.00 103.00
339.50 138.50 61.00 103.00
343.50 146.50 61.00 103.00
347.50 150.50 61.00 103.00
351.50 158.50 61.00 103.00
355.50 162.50 61.00 103.00
359.50 170.50 61.00 103.00
363.50 174.50 61.00 103.00
363.50 182.50 61.00 103.00
367.50 186.50 61.00 103.00
367.50 194.50 61.00 103.00
367.50 198.50 61.00 103.00
367.50 202.50 61.00 103.00
367.50 206.50 61.00 103.00
367.50 210.50 61.00 103.00
367.50 210.50 61.00 103.00
367.50 210.50 61.00 103.00
363.50 210.50 61.00 103.00
363.50 210.50 61.00 103.00
363.50 210.50 61.00 103.00
363.50 210.50 61.00 103.00
363.50 206.50 61.00 103.00
363.50 202.50 61.00 103.00
363.50 202.50 61.00 103.00
363.50 198.50 61.00 103.00
363.50 194.50 61.00 103.00
367.50 190.50 61.00 103.00
367.50 186.50 61.00 103.00
367.50 182.50 61.00 103.00
371.50 178.50 61.00 103.00
371.50 174.50 61.00 103.00
371.50 170.50 61.00 103.00
371.50 166.50 61.00 103.00
371.50 158.50 61.00 103.00
371.50 154.50 61.00 103.00
367.50 150.50 61.00 103.00
367.50 146.50 61.00 103.00
363.50 142.50 61.00 103.00
359.50 138.50 61.00 103.00
355.50 134.50 61.00 103.00
351.50 130.50 61.00 103.00
347.50 130.50 61.00 103.00
339.50 130.50 61.00 103.00
335.50 130.50 61.00 103.00
327.50 130.50 61.00 103.00
319.50 130.50 61.00 103.00
311.50 130.50 61.00 103.00
307.50 130.50 61.00 103.00
299.50 130.50 61.00 103.00
291.50 130.50 61.00 103.00
283.50 130.50 61.00 103.00
279.50 130.50 61.00 103.00
271.50 130.50 61.00 103.00
267.50 130.50 61.00 103.00
259.50 134.50 61.00 103.00
255.50 134.50 61.00 103.00
251.50 138.50 61.00 103.00
247.50 142.50 61.00 103.00
243.50 142.50 61.00 103.00
239.50 146.50 61.00 103.00
235.50 150.50 61.00 103.00
231.50 150.50 61.00 103.00
231.50 154.50 61.00 103.00
231.50 154.50 61.00 103.00
231.50 158.50 61.00 103.00
231.50 162.50 61.00 103.00
231.50 166.50 61.00 103.00
231.50 170.50 61.00 103.00
231.50 174.50 61.00 103.00
235.50 174.50 61.00 103.00
239.50 174.50 61.00 103.00
243.50 174.50 61.00 103.00
247.50 174.50 61.00 103.00
251.50 174.50 61.00 103.00
255.50 174.50 61.00 103.00
259.50 174.50 61.00 103.00
267.50 170.50 61.00 103.00
271.50 170.50 61.00 103.00
275.50 170.50 61.00 103.00
283.50 170.50 61.00 103.00
287.50 170.50 61.00 103.00
291.50 170.50 61.00 103.00
295.50 170.50 61.00 103.00
299.50 170.50 61.00 103.00
303.50 174.50 61.00 103.00
307.50 174.50 61.00 103.00
311.50 174.50 61.00 103.00
315.50 174.50 61.00 103.00
315.50 178.50 61.00 103.00
319.50 178.50 61.00 103.00
319.50 178.50 61.00 103.00
323.50 182.50 61.00 103.00
323.50 182.50 61.00 103.00
323.50 182.50 61.00 103.00
327.50 182.50 61.00 103.00
327.50 182.50 61.00 103.00
331.50 178.50 61.00 103.00
331.50 178.50 61.00 103.00
335.50 178.50 61.00 103.00
339.50 178.50 61.00 103.00
339.50 174.50 61.00 103.00
343.50 174.50 61.00 103.00
347.50 174.50 61.00 103.00
351.50 174.50 61.00 103.00
355.50 170.50 61.00 103.00
359.50 170.50 61.00 103.00
363.50 170.50 61.00 103.00
367.50 170.50 61.00 103.00
371.50 170.50 61.00 103.00
375.50 170.50 61.00 103.00
379.50 170.50 61.00 103.00
383.50 166.50 61.00 103.00
387.50 166.50 61.00 103.00
391.50 166.50 61.00 103.00
395.50 162.50 61.00 103.00
399.50 162.50 61.00 103.00
403.50 158.50 61.00 103.00
407.50 158.50 61.00 103.00
411.50 154.50 61.00 103.00
415.50 150.50 61.00 103.00
419.50 150.50 61.00 103.00
419.50 146.50 61.00 103.00
423.50 146.50 61.00 103.00
427.50 142.50 61.00 103.00
427.50 142.50 61.00 103.00
431.50 142.50 61.00 103.00
435.50 142.50 61.00 103.00
435.50 142.50 61.00 103.00
439.50 142.50 61.00 103.00
439.50 142.50 61.00 103.00
443.50 146.50 61.00 103.00
443.50 146.50 61.00 103.00
443.50 146.50 61.00 103.00
447.50 146.50 61.00 103.00
447.50 146.50 61.00 103.00
451.50 142.50 61.00 103.00
451.50 142.50 61.00 103.00
451.50 134.50 61.00 103.00
451.50 130.50 61.00 103.00
451.50 126.50 61.00 103.00
451.50 122.50 61.00 103.00
451.50 118.50 61.00 103.00
447.50 114.50 61.00 103.00
447.50 106.50 61.00 103.00
443.50 98.50 61.00 103.00
439.50 94.50 61.00 103.00
431.50 86.50 61.00 103.00
423.50 82.50 61.00 103.00
415.50 78.50 61.00 103.00
407.50 74.50 61.00 103.00
395.50 70.50 61.00 103.00
383.50 66.50 61.00 103.00
371.50 58.50 61.00 103.00
355.50 54.50 61.00 103.00
339.50 50.50 61.00 103.00
323.50 50.50 61.00 103.00
307.50 46.50 61.00 103.00
287.50 46.50 61.00 103.00
271.50 42.50 61.00 103.00
255.50 38.50 61.00 103.00
239.50 38.50 61.00 103.00
219.50 34.50 61.00 103.00
203.50 30.50 61.00 103.00
187.50 30.50 61.00 103.00
175.50 30.50 61.00 103.00
159.50 26.50 61.00 103.00
147.50 26.50 61.00 103.00
135.50 22.50 61.00 103.00
123.50 22.50 61.00 103.00
111.50 22.50 61.00 103.00
103.50 26.50 61.00 103.00
91.50 30.50 61.00 103.00
83.50 30.50 61.00 103.00
75.50 34.50 61.00 103.00
67.50 42.50 61.00 103.00
59.50 46.50 61.00 103.00
55.50 54.50 61.00 103.00
47.50 58.50 61.00 103.00
43.50 66.50 61.00 103.00
39.50 70.50 61.00 103.00
35.50 78.50 61.00 103.00
31.50 86.50 61.00 103.00
31.50 94.50 61.00 103.00
27.50 98.50 61.00 103.00
23.50 106.50 61.00 103.00
19.50 110.50 61.00 103.00
19.50 118.50 61.00 103.00
15.50 122.50 61.00 103.00
15.50 126.50 61.00 103.00
11.50 130.50 61.00 103.00
11.50 134.50 61.00 103.00
11.50 138.50 61.00 103.00
11.50 142.50 61.00 103.00
11.50 142.50 61.00 103.00
11.50 146.50 61.00 103.00
11.50 150.50 61.00 103.00
11.50 154.50 61.00 103.00
11.50 154.50 61.00 103.00
11.50 158.50 61.00 103.00
15.50 162.50 61.00 103.00
15.50 166.50 61.00 103.00
15.50 170.50 61.00 103.00
19.50 174.50 61.00 103.00
19.50 178.50 61.00 103.00
23.50 182.50 61.00 103.00
23.50 186.50 61.00 103.00
27.50 194.50 61.00 103.00
27.50 194.50 61.00 103.00
31.50 198.50 61.00 103.00
31.50 202.50 61.00 103.00
35.50 206.50 61.00 103.00
35.50 210.50 61.00 103.00
39.50 210.50 61.00 103.00
39.50 214.50 61.00 103.00
39.50 214.50 61.00 103.00
43.50 218.50 61.00 103.00
43.50 218.50 61.00 103.00
43.50 222.50 61.00 103.00
47.50 226.50 61.00 103.00
47.50 226.50 61.00 103.00
47.50 230.50 61.00 103.00
47.50 230.50 61.00 103.00
47.50 230.50 61.00 103.00
51.50 230.50 61.00 103.00
51.50 230.50 61.00 103.00
51.50 230.50 61.00 103.00
51.50 230.50 61.00 103.00
51.50 234.50 61.00 103.00
55.50 234.50 61.00 103.00
55.50 234.50 61.00 103.00
55.50 234.50 61.00 103.00
55.50 234.50 61.00 103.00
59.50 238.50 61.00 103.00
59.50 238.50 61.00 103.00
59.50 238.50 61.00 103.00
59.50 238.50 61.00 103.00
59.50 242.50 61.00 103.00
59.50 242.50 61.00 103.00
59.50 242.50 61.00 103.00
59.50 242.50 61.00 103.00
63.50 246.50 61.00 103.00
63.50 246.50 61.00 103.00
63.50 250.50 61.00 103.00
63.50 250.50 61.00 103.00
63.50 254.50 61.00 103.00
63.50 254.50 61.00 103.00
63.50 258.50 61.00 103.00
63.50 258.50 61.00 103.00
63.50 258.50 61.00 103.00
63.50 258.50 61.00 103.00
63.50 258.50 61.00 103.00
63.50 258.50 61.00 103.00
63.50 258.50 61.00 103.00
63.50 258.50 61.00 103.00
63.50 262.50 61.00 103.00
63.50 262.50 61.00 103.00
67.50 262.50 61.00 103.00
67.50 262.50 61.00 103.00
67.50 262.50 61.00 103.00
67.50 266.50 61.00 103.00
71.50 266.50 61.00 103.00
71.50 266.50 61.00 103.00
75.50 270.50 61.00 103.00
75.50 270.50 61.00 103.00
79.50 270.50 61.00 103.00
79.50 270.50 61.00 103.00
79.50 270.50 61.00 103.00
79.50 270.50 61.00 103.00
79.50 270.50 61.00 103.00
79.50 270.50 61.00 103.00
79.50 270.50 61.00 103.00
79.50 270.50 61.00 103.00
79.50 270.50 61.00 103.00
79.50 270.50 61.00 103.00
79.50 270.50 61.00 103.00
79.50 270.50 61.00 103.00
79.50 270.50 61.00 103.00
79.50 270.50 61.00 103.00
79.50 270.50 61.00 103.00
79.50 270.50 61.00 103.00
79.50 270.50 61.00 103.00
79.50 270.50 61.00 103.00
79.50 270.50 61.00 103.00
79.50 270.50 61.00 103.00
79.50 270.50 61.00 103.00
79.50 270.50 61.00 103.00
79.50 270.50 61.00 103.00
79.50 270.50 61.00 103.00
79.50 270.50 61.00 103.00
79.50 270.50 61.00 103.00
79.50 270.50 61.00 103.00
79.50 270.50 61.00 103.00
79.50 270.50 61.00 103.00
79.50 270.50 61.00 103.00
79.50 270.50 61.00 103.00
79.50 270.50 61.00 103.00
79.50 270.50 61.00 103.00
79.50 270.50 61.00 103.00
79.50 270.50 61.00 103.00
79.50 270.50 61.00 103.00
79.50 270.50 61.00 103.00
79.50 270.50 61.00 103.00
79.50 270.50 61.00 103.00
79.50 270.50 61.00 103.00
79.50 270.50 61.00 103.00
79.50 270.50 61.00 103.00
79.50 270.50 61.00 103.00
79.50 270.50 61.00 103.00
79.50 270.50 61.00 103.00
79.50 270.50 61.00 103.00
79.50 270.50 61.00 103.00
79.50 270.50 61.00 103.00
79.50 270.50 61.00 103.00
79.50 270.50 61.00 103.00
79.50 270.50 61.00 103.00
79.50 270.50 61.00 103.00
79.50 270.50 61.00 103.00
79.50 270.50 61.00 103.00
79.50 270.50 61.00 103.00
79.50 270.50 61.00 103.00
79.50 270.50 61.00 103.00
79.50 270.50 61.00 103.00
79.50 270.50 61.00 103.00
79.50 270.50 61.00 103.00
79.50 270.50 61.00 103.00
79.50 270.50 61.00 103.00
79.50 270.50 61.00 103.00
79.50 270.50 61.00 103.00
79.50 270.50 61.00 103.00
79.50 270.50 61.00 103.00
79.50 270.50 61.00 103.00
79.50 270.50 61.00 103.00
79.50 270.50 61.00 103.00
79.50 270.50 61.00 103.00
79.50 270.50 61.00 103.00
79.50 270.50 61.00 103.00
79.50 270.50 61.00 103.00
79.50 270.50 61.00 103.00
79.50 270.50 61.00 103.00
79.50 270.50 61.00 103.00
79.50 270.50 61.00 103.00
79.50 270.50 61.00 103.00
79.50 270.50 61.00 103.00
79.50 270.50 61.00 103.00
79.50 270.50 61.00 103.00
79.50 270.50 61.00 103.00
79.50 270.50 61.00 103.00
79.50 270.50 61.00 103.00
79.50 270.50 61.00 103.00
79.50 270.50 61.00 103.00
79.50 270.50 61.00 103.00
79.50 270.50 61.00 103.00
79.50 270.50 61.00 103.00
79.50 270.50 61.00 103.00
79.50 270.50 61.00 103.00
79.50 270.50 61.00 103.00
79.50 270.50 61.00 103.00
79.50 270.50 61.00 103.00
79.50 270.50 61.00 103.00
79.50 270.50 61.00 103.00
79.50 270.50 61.00 103.00
79.50 270.50 61.00 103.00
79.50 270.50 61.00 103.00
79.50 270.50 61.00 103.00
79.50 270.50 61.00 103.00
79.50 270.50 61.00 103.00
79.50 270.50 61.00 103.00
79.50 270.50 61.00 103.00
79.50 270.50 61.00 103.00
79.50 270.50 61.00 103.00
79.50 270.50 61.00 103.00
79.50 270.50 61.00 103.00
79.50 270.50 61.00 103.00
79.50 270.50 61.00 103.00
79.50 270.50 61.00 103.00
79.50 270.50 61.00 103.00
79.50 270.50 61.00 103.00
79.50 270.50 61.00 103.00
79.50 270.50 61.00 103.00
79.50 270.50 61.00 103.00
79.50 270.50 61.00 103.00
79.50 270.50 61.00 103.00
79.50 270.50 61.00 103.00
79.50 270.50 61.00 103.00
79.50 270.50 61.00 103.00
79.50 270.50 61.00 103.00
79.50 270.50 61.00 103.00
79.50 270.50 61.00 103.00
79.50 270.50 61.00 103.00
79.50 270.50 61.00 103.00
79.50 270.50 61.00 103.00
79.50 270.50 61.00 103.00
79.50 270.50 61.00 103.00
79.50 270.50 61.00 103.00
79.50 270.50 61.00 103.00
79.50 270.50 61.00 103.00
79.50 270.50 61.00 103.00
79.50 270.50 61.00 103.00
79.50 270.50 61.00 103.00
79.50 270.50 61.00 103.00
79.50 270.50 61.00 103.00
79.50 270.50 61.00 103.00
79.50 270.50 61.00 103.00
79.50 270.50 61.00 103.00
79.50 270.50 61.00 103.00
79.50 270.50 61.00 103.00
79.50 270.50 61.00 103.00
79.50 270.50 61.00 103.00
79.50 270.50 61.00 103.00
79.50 270.50 61.00 103.00
79.50 270.50 61.00 103.00
79.50 270.50 61.00 103.00
79.50 270.50 61.00 103.00
79.50 270.50 61.00 103.00
79.50 270.50 61.00 103.00
79.50 270.50 61.00 103.00
79.50 270.50 61.00 103.00
79.50 270.50 61.00 103.00
79.50 270.50 61.00 103.00
79.50 270.50 61.00 103.00
79.50 270.50 61.00 103.00
79.50 270.50 61.00 103.00
79.50 270.50 61.00 103.00
79.50 270.50 61.00 103.00
79.50 270.50 61.00 103.00
79.50 270.50 61.00 103.00
79.50 270.50 61.00 103.00
79.50 270.50 61.00 103.00
79.50 270.50 61.00 103.00
79.50 270.50 61.00 103.00
79.50 270.50 61.00 103.00
79.50 270.50 61.00 103.00
79.50 270.50 61.00 103.00
79.50 270.50 61.00 103.00
79.50 270.50 61.00 103.00
79.50 270.50 61.00 103.00
79.50 270.50 61.00 103.00
79.50 270.50 61.00 103.00
79.50 270.50 61.00 103.00
79.50 270.50 61.00 103.00
79.50 270.50 61.00 103.00
79.50 270.50 61.00 103.00
79.50 270.50 61.00 103.00
79.50 270.50 61.00 103.00
79.50 270.50 61.00 103.00
79.50 270.50 61.00 103.00
79.50 270.50 61.00 103.00
79.50 270.50 61.00 103.00
79.50 270.50 61.00 103.00
79.50 270.50 61.00 103.00
79.50 270.50 61.00 103.00
79.50 270.50 61.00 103.00
79.50 270.50 61.00 103.00
79.50 270.50 61.00 103.00
79.50 270.50 61.00 103.00
79.50 270.50 61.00 103.00
79.50 270.50 61.00 103.00
79.50 270.50 61.00 103.00
79.50 270.50 61.00 103.00
79.50 270.50 61.00 103.00
79.50 270.50 61.00 103.00
79.50 270.50 61.00 103.00
79.50 270.50 61.00 103.00
79.50 270.50 61.00 103.00
79.50 270.50 61.00 103.00
79.50 270.50 61.00 103.00
79.50 270.50 61.00 103.00
79.50 270.50 61.00 103.00
79.50 270.50 61.00 103.00
79.50 270.50 61.00 103.00
79.50 270.50 61.00 103.00
79.50 270.50 61.00 103.00
79.50 270.50 61.00 103.00
79.50 270.50 61.00 103.00
79.50 270.50 61.00 103.00
79.50 270.50 61.00 103.00
79.50 270.50 61.00 103.00
79.50 270.50 61.00 103.00
79.50 270.50 61.00 103.00
79.50 270.50 61.00 103.00
79.50 270.50 61.00 103.00
79.50 270.50 61.00 103.00
79.50 270.50 61.00 103.00
79.50 270.50 61.00 103.00
79.50 270.50 61.00 103.00
79.50 270.50 61.00 103.00
79.50 270.50 61.00 103.00
79.50 270.50 61.00 103.00
79.50 270.50 61.00 103.00
79.50 270.50 61.00 103.00
79.50 270.50 61.00 103.00
79.50 270.50 61.00 103.00
79.50 270.50 61.00 103.00
79.50 270.50 61.00 103.00
79.50 270.50 61.00 103.00
79.50 270.50 61.00 103.00
79.50 270.50 61.00 103.00
79.50 270.50 61.00 103.00
79.50 270.50 61.00 103.00
79.50 270.50 61.00 103.00
79.50 270.50 61.00 103.00
79.50 270.50 61.00 103.00
79.50 270.50 61.00 103.00
79.50 270.50 61.00 103.00
79.50 270.50 61.00 103.00
79.50 270.50 61.00 103.00
79.50 270.50 61.00 103.00
79.50 270.50 61.00 103.00
79.50 270.50 61.00 103.00
79.50 270.50 61.00 103.00
79.50 270.50 61.00 103.00
79.50 270.50 61.00 103.00
79.50 270.50 61.00 103.00
79.50 270.50 61.00 103.00
79.50 270.50 61.00 103.00
79.50 270.50 61.00 103.00
79.50 270.50 61.00 103.00
79.50 270.50 61.00 103.00
79.50 270.50 61.00 103.00
79.50 270.50 61.00 103.00
79.50 270.50 61.00 103.00
79.50 270.50 61.00 103.00
79.50 270.50 61.00 103.00
79.50 270.50 61.00 103.00
79.50 270.50 61.00 103.00
79.50 270.50 61.00 103.00
79.50 270.50 61.00 103.00
79.50 270.50 61.00 103.00
79.50 270.50 61.00 103.00
79.50 270.50 61.00 103.00
79.50 270.50 61.00 103.00
79.50 270.50 61.00 103.00
79.50 270.50 61.00 103.00
79.50 270.50 61.00 103.00
79.50 270.50 61.00 103.00
79.50 270.50 61.00 103.00
79.50 270.50 61.00 103.00
79.50 270.50 61.00 103.00
79.50 270.50 61.00 103.00
79.50 270.50 61.00 103.00
79.50 270.50 61.00 103.00
79.50 270.50 61.00 103.00
79.50 270.50 61.00 103.00
79.50 270.50 61.00 103.00
79.50 270.50 61.00 103.00
79.50 270.50 61.00 103.00
79.50 270.50 61.00 103.00
79.50 270.50 61.00 103.00
79.50 270.50 61.00 103.00
79.50 270.50 61.00 103.00
79.50 270.50 61.00 103.00
79.50 270.50 61.00 103.00
79.50 270.50 61.00 103.00
79.50 270.50 61.00 103.00
79.50 270.50 61.00 103.00
79.50 270.50 61.00 103.00
79.50 270.50 61.00 103.00
79.50 270.50 61.00 103.00
79.50 270.50 61.00 103.00
79.50 270.50 61.00 103.00
79.50 270.50 61.00 103.00
79.50 270.50 61.00 103.00
79.50 270.50 61.00 103.00
79.50 270.50 61.00 103.00
79.50 270.50 61.00 103.00
79.50 270.50 61.00 103.00
79.50 270.50 61.00 103.00
79.50 270.50 61.00 103.00
79.50 270.50 61.00 103.00
79.50 270.50 61.00 103.00
79.50 270.50 61.00 103.00
79.50 270.50 61.00 103.00
79.50 270.50 61.00 103.00
79.50 270.50 61.00 103.00
79.50 270.50 61.00 103.00
79.50 270.50 61.00 103.00
79.50 270.50 61.00 103.00
79.50 270.50 61.00 103.00
79.50 270.50 61.00 103.00
79.50 270.50 61.00 103.00
79.50 270.50 61.00 103.00
79.50 270.50 61.00 103.00
79.50 270.50 61.00 103.00
79.50 270.50 61.00 103.00
79.50 270.50 61.00 103.00
79.50 270.50 61.00 103.00
79.50 270.50 61.00 103.00
79.50 270.50 61.00 103.00
79.50 270.50 61.00 103.00
79.50 270.50 61.00 103.00
79.50 270.50 61.00 103.00
79.50 270.50 61.00 103.00
79.50 270.50 61.00 103.00
79.50 270.50 61.00 103.00
79.50 270.50 61.00 103.00
79.50 270.50 61.00 103.00
79.50 270.50 61.00 103.00
79.50 270.50 61.00 103.00
79.50 270.50 61.00 103.00
79.50 270.50 61.00 103.00
79.50 270.50 61.00 103.00
79.50 270.50 61.00 103.00
79.50 270.50 61.00 103.00
79.50 270.50 61.00 103.00
79.50 270.50 61.00 103.00
79.50 270.50 61.00 103.00
79.50 270.50 61.00 103.00
79.50 270.50 61.00 103.00
79.50 270.50 61.00 103.00
79.50 270.50 61.00 103.00
79.50 270.50 61.00 103.00
79.50 270.50 61.00 103.00
79.50 270.50 61.00 103.00
79.50 270.50 61.00 103.00
79.50 270.50 61.00 103.00
79.50 270.50 61.00 103.00
79.50 270.50 61.00 103.00
79.50 270.50 61.00 103.00
79.50 270.50 61.00 103.00
79.50 270.50 61.00 103.00
79.50 270.50 61.00 103.00
79.50 270.50 61.00 103.00
79.50 270.50 61.00 103.00
79.50 270.50 61.00 103.00
79.50 270.50 61.00 103.00
79.50 270.50 61.00 103.00
79.50 270.50 61.00 103.00
79.50 270.50 61.00 103.00
79.50 270.50 61.00 103.00
79.50 270.50 61.00 103.00
79.50 270.50 61.00 103.00
79.50 270.50 61.00 103.00
79.50 270.50 61.00 103.00
79.50 270.50 61.00 103.00
79.50 270.50 61.00 103.00
79.50 270.50 61.00 103.00
79.50 270.50 61.00 103.00
79.50 270.50 61.00 103.00
79.50 270.50 61.00 103.00
79.50 270.50 61.00 103.00
79.50 270.50 61.00 103.00
79.50 270.50 61.00 103.00
79.50 270.50 61.00 103.00
79.50 270.50 61.00 103.00
79.50 270.50 61.00 103.00
79.50 270.50 61.00 103.00
79.50 270.50 61.00 103.00
79.50 270.50 61.00 103.00
79.50 270.50 61.00 103.00
79.50 270.50 61.00 103.00
79.50 270.50 61.00 103.00
79.50 270.50 61.00 103.00
79.50 270.50 61.00 103.00
79.50 270.50 61.00 103.00
79.50 270.50 61.00 103.00
79.50 270.50 61.00 103.00
79.50 270.50 61.00 103.00
79.50 270.50 61.00 103.00
79.50 270.50 61.00 103.00
79.50 270.50 61.00 103.00
79.50 270.50 61.00 103.00
79.50 270.50 61.00 103.00
79.50 270.50 61.00 103.00
79.50 270.50 61.00 103.00
79.50 270.50 61.00 103.00
79.50 270.50 61.00 103.00
79.50 270.50 61.00 103.00
79.50 270.50 61.00 103.00
79.50 270.50 61.00 103.00
79.50 270.50 61.00 103.00
79.50 270.50 61.00 103.00
79.50 270.50 61.00 103.00
79.50 270.50 61.00 103.00
79.50 270.50 61.00 103.00
79.50 270.50 61.00 103.00
79.50 270.50 61.00 103.00
79.50 270.50 61.00 103.00
79.50 270.50 61.00 103.00
79.50 270.50 61.00 103.00
79.50 270.50 61.00 103.00
79.50 270.50 61.00 103.00
79.50 270.50 61.00 103.00
79.50 270.50 61.00 103.00
79.50 270.50 61.00 103.00
79.50 270.50 61.00 103.00
79.50 270.50 61.00 103.00
79.50 270.50 61.00 103.00
79.50 270.50 61.00 103.00
79.50 270.50 61.00 103.00
79.50 270.50 61.00 103.00
79.50 270.50 61.00 103.00
79.50 270.50 61.00 103.00
79.50 270.50 61.00 103.00
79.50 270.50 61.00 103.00
79.50 270.50 61.00 103.00
79.50 270.50 61.00 103.00
79.50 270.50 61.00 103.00
79.50 270.50 61.00 103.00
79.50 270.50 61.00 103.00
79.50 270.50 61.00 103.00
79.50 270.50 61.00 103.00
79.50 270.50 61.00 103.00
79.50 270.50 61.00 103.00
79.50 270.50 61.00 103.00
79.50 270.50 61.00 103.00
79.50 270.50 61.00 103.00
79.50 270.50 61.00 103.00
79.50 270.50 61.00 103.00
79.50 270.50 61.00 103.00
79.50 270.50 61.00 103.00
79.50 270.50 61.00 103.00
79.50 270.50 61.00 103.00
79.50 270.50 61.00 103.00
79.50 270.50 61.00 103.00
79.50 270.50 61.00 103.00
79.50 270.50 61.00 103.00
79.50 270.50 61.00 103.00
79.50 270.50 61.00 103.00
79.50 270.50 61.00 103.00
79.50 270.50 61.00 103.00
79.50 270.50 61.00 103.00
79.50 270.50 61.00 103.00
79.50 270.50 61.00 103.00
79.50 270.50 61.00 103.00
79.50 270.50 61.00 103.00
79.50 270.50 61.00 103.00
79.50 270.50 61.00 103.00
79.50 270.50 61.00 103.00
79.50 270.50 61.00 103.00
79.50 270.50 61.00 103.00
79.50 270.50 61.00 103.00
79.50 270.50 61.00 103.00
79.50 270.50 61.00 103.00
79.50 270.50 61.00 103.00
79.50 270.50 61.00 103.00
79.50 270.50 61.00 103.00
79.50 270.50 61.00 103.00
79.50 270.50 61.00 103.00
79.50 270.50 61.00 103.00
79.50 270.50 61.00 103.00
79.50 270.50 61.00 103.00
79.50 270.50 61.00 103.00
79.50 270.50 61.00 103.00
79.50 270.50 61.00 103.00
79.50 270.50 61.00 103.00
79.50 270.50 61.00 103.00
79.50 270.50 61.00 103.00
79.50 270.50 61.00 103.00
79.50 270.50 61.00 103.00
79.50 270.50 61.00 103.00
79.50 270.50 61.00 103.00
79.50 270.50 61.00 103.00
79.50 270.50 61.00 103.00
79.50 270.50 61.00 103.00
79.50 270.50 61.00 103.00
79.50 270.50 61.00 103.00
79.50 270.50 61.00 103.00
79.50 270.50 61.00 103.00
79.50 270.50 61.00 103.00
79.50 270.50 61.00 103.00
79.50 270.50 61.00 103.00
79.50 270.50 61.00 103.00
79.50 270.50 61.00 103.00
79.50 270.50 61.00 103.00
79.50 270.50 61.00 103.00
79.50 270.50 61.00 103.00
79.50 270.50 61.00 103.00
79.50 270.50 61.00 103.00
79.50 270.50 61.00 103.00
79.50 270.50 61.00 103.00
79.50 270.50 61.00 103.00
79.50 270.50 61.00 103.00
79.50 270.50 61.00 103.00
79.50 270.50 61.00 103.00
79.50 270.50 61.00 103.00
79.50 270.50 61.00 103.00
79.50 270.50 61.00 103.00
79.50 270.50 61.00 103.00
79.50 270.50 61.00 103.00
79.50 270.50 61.00 103.00
79.50 270.50 61.00 103.00
79.50 270.50 61.00 103.00
79.50 270.50 61.00 103.00
79.50 270.50 61.00 103.00
79.50 270.50 61.00 103.00
79.50 270.50 61.00 103.00
79.50 270.50 61.00 103.00
79.50 270.50 61.00 103.00
79.50 270.50 61.00 103.00
79.50 270.50 61.00 103.00
79.50 270.50 61.00 103.00
79.50 270.50 61.00 103.00
79.50 270.50 61.00 103.00
79.50 270.50 61.00 103.00
79.50 270.50 61.00 103.00
79.50 270.50 61.00 103.00
79.50 270.50 61.00 103.00
79.50 270.50 61.00 103.00
79.50 270.50 61.00 103.00
79.50 270.50 61.00 103.00
79.50 270.50 61.00 103.00
79.50 270.50 61.00 103.00
79.50 270.50 61.00 103.00
79.50 270.50 61.00 103.00
79.50 270.50 61.00 103.00
79.50 270.50 61.00 103.00
79.50 270.50 61.00 103.00
79.50 270.50 61.00 103.00
79.50 270.50 61.00 103.00
79.50 270.50 61.00 103.00
79.50 270.50 61.00 103.00
79.50 270.50 61.00 103.00
79.50 270.50 61.00 103.00
79.50 270.50 61.00 103.00
83.50 270.50 61.00 103.00
83.50 270.50 61.00 103.00
83.50 270.50 61.00 103.00
83.50 270.50 61.00 103.00
87.50 270.50 61.00 103.00
87.50 266.50 61.00 103.00
91.50 266.50 61.00 103.00
99.50 262.50 61.00 103.00
103.50 262.50 61.00 103.00
107.50 258.50 61.00 103.00
111.50 258.50 61.00 103.00
115.50 258.50 61.00 103.00
119.50 258.50 61.00 103.00
123.50 258.50 61.00 103.00
127.50 258.50 61.00 103.00
135.50 258.50 61.00 103.00
139.50 258.50 61.00 103.00
147.50 258.50 61.00 103.00
151.50 258.50 61.00 103.00
159.50 258.50 61.00 103.00
163.50 258.50 61.00 103.00
171.50 258.50 61.00 103.00
179.50 258.50 61.00 103.00
183.50 258.50 61.00 103.00
191.50 254.50 61.00 103.00
195.50 254.50 61.00 103.00
203.50 250.50 61.00 103.00
207.50 246.50 61.00 103.00
211.50 246.50 61.00 103.00
219.50 242.50 61.00 103.00
223.50 238.50 61.00 103.00
227.50 234.50 61.00 103.00
231.50 234.50 61.00 103.00
235.50 230.50 61.00 103.00
239.50 226.50 61.00 103.00
243.50 226.50 61.00 103.00
251.50 222.50 61.00 103.00
255.50 222.50 61.00 103.00
259.50 218.50 61.00 103.00
263.50 218.50 61.00 103.00
267.50 218.50 61.00 103.00
271.50 214.50 61.00 103.00
275.50 214.50 61.00 103.00
279.50 214.50 61.00 103.00
283.50 210.50 61.00 103.00
287.50 210.50 61.00 103.00
287.50 210.50 61.00 103.00
287.50 210.50 61.00 103.00
291.50 210.50 61.00 103.00
291.50 210.50 61.00 103.00
291.50 206.50 61.00 103.00
291.50 206.50 61.00 103.00
291.50 206.50 61.00 103.00
291.50 206.50 61.00 103.00
291.50 202.50 61.00 103.00
287.50 202.50 61.00 103.00
287.50 202.50 61.00 103.00
287.50 198.50 61.00 103.00
287.50 198.50 61.00 103.00
287.50 194.50 61.00 103.00
287.50 194.50 61.00 103.00
283.50 190.50 61.00 103.00
283.50 190.50 61.00 103.00
283.50 186.50 61.00 103.00
283.50 186.50 61.00 103.00
283.50 182.50 61.00 103.00
283.50 182.50 61.00 103.00
287.50 178.50 61.00 103.00
287.50 174.50 61.00 103.00
287.50 174.50 61.00 103.00
291.50 170.50 61.00 103.00
295.50 166.50 61.00 103.00
295.50 166.50 61.00 103.00
299.50 162.50 61.00 103.00
303.50 162.50 61.00 103.00
303.50 162.50 61.00 103.00
307.50 162.50 61.00 103.00
311.50 158.50 61.00 103.00
311.50 158.50 61.00 103.00
315.50 158.50 61.00 103.00
315.50 158.50 61.00 103.00
319.50 158.50 61.00 103.00
319.50 158.50 61.00 103.00
319.50 158.50 61.00 103.00
323.50 154.50 61.00 103.00
323.50 154.50 61.00 103.00
323.50 154.50 61.00 103.00
323.50 150.50 61.00 103.00
323.50 150.50 61.00 103.00
323.50 146.50 61.00 103.00
323.50 146.50 61.00 103.00
323.50 142.50 61.00 103.00
323.50 142.50 61.00 103.00
323.50 138.50 61.00 103.00
323.50 134.50 61.00 103.00
323.50 134.50 61.00 103.00
323.50 134.50 61.00 103.00
323.50 130.50 61.00 103.00
323.50 130.50 61.00 103.00
323.50 130.50 61.00 103.00
323.50 130.50 61.00 103.00
323.50 130.50 61.00 103.00
319.50 130.50 61.00 103.00
319.50 126.50 61.00 103.00
319.50 126.50 61.00 103.00
319.50 126.50 61.00 103.00
319.50 126.50 61.00 103.00
319.50 126.50 61.00 103.00
319.50 126.50 61.00 103.00
319.50 126.50 61.00 103.00
319.50 122.50 61.00 103.00
319.50 122.50 61.00 103.00
319.50 122.50 61.00 103.00
319.50 122.50 61.00 103.00
319.50 122.50 61.00 103.00
323.50 122.50 61.00 103.00
323.50 122.50 61.00 103.00
323.50 122.50 61.00 103.00
323.50 122.50 61.00 103.00
327.50 122.50 61.00 103.00
327.50 122.50 61.00 103.00
327.50 122.50 61.00 103.00
327.50 126.50 61.00 103.00
327.50 126.50 61.00 103.00
331.50 134.50 61.00 103.00
331.50 138.50 61.00 103.00
331.50 142.50 61.00 103.00
331.50 146.50 61.00 103.00
331.50 150.50 61.00 103.00
331.50 154.50 61.00 103.00
335.50 158.50 61.00 103.00
335.50 162.50 61.00 103.00
339.50 166.50 61.00 103.00
339.50 170.50 61.00 103.00
343.50 174.50 61.00 103.00
343.50 174.50 61.00 103.00
347.50 178.50 61.00 103.00
351.50 182.50 61.00 103.00
355.50 182.50 61.00 103.00
359.50 186.50 61.00 103.00
363.50 186.50 61.00 103.00
367.50 190.50 61.00 103.00
375.50 190.50 61.00 103.00
383.50 190.50 61.00 103.00
391.50 190.50 61.00 103.00
399.50 190.50 61.00 103.00
407.50 190.50 61.00 103.00
419.50 190.50 61.00 103.00
431.50 190.50 61.00 103.00
443.50 190.50 61.00 103.00
451.50 190.50 61.00 103.00
463.50 186.50 61.00 103.00
471.50 186.50 61.00 103.00
483.50 182.50 61.00 103.00
491.50 182.50 61.00 103.00
495.50 178.50 61.00 103.00
503.50 174.50 61.00 103.00
503.50 174.50 61.00 103.00
503.50 170.50 61.00 103.00
503.50 170.50 61.00 103.00
503.50 166.50 61.00 103.00
499.50 166.50 61.00 103.00
491.50 162.50 61.00 103.00
479.50 158.50 61.00 103.00
471.50 158.50 61.00 103.00
459.50 154.50 61.00 103.00
451.50 150.50 61.00 103.00
439.50 150.50 61.00 103.00
427.50 146.50 61.00 103.00
419.50 146.50 61.00 103.00
407.50 142.50 61.00 103.00
399.50 138.50 61.00 103.00
391.50 138.50 61.00 103.00
383.50 134.50 61.00 103.00
379.50 130.50 61.00 103.00
375.50 130.50 61.00 103.00
371.50 126.50 61.00 103.00
367.50 126.50 61.00 103.00
367.50 126.50 61.00 103.00
367.50 122.50 61.00 103.00
367.50 122.50 61.00 103.00
367.50 122.50 61.00 103.00
367.50 122.50 61.00 103.00
367.50 122.50 61.00 103.00
367.50 122.50 61.00 103.00
367.50 126.50 61.00 103.00
367.50 126.50 61.00 103.00
367.50 126.50 61.00 103.00
363.50 130.50 61.00 103.00
359.50 134.50 61.00 103.00
355.50 142.50 61.00 103.00
351.50 146.50 61.00 103.00
343.50 154.50 61.00 103.00
339.50 158.50 61.00 103.00
335.50 166.50 61.00 103.00
327.50 174.50 61.00 103.00
319.50 182.50 61.00 103.00
311.50 186.50 61.00 103.00
303.50 190.50 61.00 103.00
295.50 190.50 61.00 103.00
299.50 182.50 61.00 103.00
295.50 178.50 61.00 103.00
291.50 174.50 61.00 103.00
287.50 166.50 61.00 103.00
283.50 158.50 61.00 103.00
279.50 150.50 61.00 103.00
279.50 146.50 61.00 103.00
275.50 138.50 61.00 103.00
275.50 134.50 61.00 103.00
275.50 126.50 61.00 103.00
275.50 122.50 61.00 103.00
275.50 114.50 61.00 103.00
279.50 106.50 61.00 103.00
279.50 102.50 61.00 103.00
279.50 94.50 61.00 103.00
279.50 90.50 61.00 103.00
279.50 82.50 61.00 103.00
279.50 78.50 61.00 103.00
275.50 78.50 61.00 103.00
271.50 78.50 61.00 103.00
267.50 78.50 61.00 103.00
263.50 78.50 61.00 103.00
259.50 78.50 61.00 103.00
251.50 82.50 61.00 103.00
247.50 82.50 61.00 103.00
239.50 82.50 61.00 103.00
231.50 82.50 61.00 103.00
223.50 82.50 61.00 103.00
215.50 82.50 61.00 103.00
207.50 82.50 61.00 103.00
203.50 82.50 61.00 103.00
195.50 78.50 61.00 103.00
187.50 78.50 61.00 103.00
183.50 78.50 61.00 103.00
179.50 74.50 61.00 103.00
175.50 74.50 61.00 103.00
171.50 70.50 61.00 103.00
167.50 70.50 61.00 103.00
167.50 70.50 61.00 103.00
167.50 66.50 61.00 103.00
167.50 66.50 61.00 103.00
167.50 62.50 61.00 103.00
167.50 62.50 61.00 103.00
167.50 62.50 61.00 103.00
167.50 58.50 61.00 103.00
171.50 58.50 61.00 103.00
171.50 58.50 61.00 103.00
171.50 58.50 61.00 103.00
175.50 58.50 61.00 103.00
175.50 58.50 61.00 103.00
175.50 58.50 61.00 103.00
175.50 58.50 61.00 103.00
175.50 62.50 61.00 103.00
175.50 62.50 61.00 103.00
175.50 66.50 61.00 103.00
175.50 66.50 61.00 103.00
175.50 66.50 61.00 103.00
175.50 66.50 61.00 103.00
175.50 66.50 61.00 103.00
175.50 66.50 61.00 103.00
171.50 70.50 61.00 103.00
171.50 70.50 61.00 103.00
171.50 70.50 61.00 103.00
171.50 70.50 61.00 103.00
167.50 70.50 61.00 103.00
167.50 74.50 61.00 103.00
167.50 78.50 61.00 103.00
167.50 78.50 61.00 103.00
163.50 82.50 61.00 103.00
163.50 86.50 61.00 103.00
163.50 86.50 61.00 103.00
163.50 90.50 61.00 103.00
163.50 90.50 61.00 103.00
159.50 90.50 61.00 103.00
159.50 90.50 61.00 103.00
159.50 90.50 61.00 103.00
159.50 94.50 61.00 103.00
159.50 94.50 61.00 103.00
159.50 94.50 61.00 103.00
159.50 94.50 61.00 103.00
159.50 94.50 61.00 103.00
159.50 94.50 61.00 103.00
159.50 94.50 61.00 103.00
159.50 90.50 61.00 103.00
159.50 90.50 61.00 103.00
159.50 90.50 61.00 103.00
159.50 90.50 61.00 103.00
159.50 90.50 61.00 103.00
159.50 90.50 61.00 103.00
159.50 86.50 61.00 103.00
163.50 86.50 61.00 103.00
163.50 86.50 61.00 103.00
163.50 86.50 61.00 103.00
163.50 86.50 61.00 103.00
163.50 86.50 61.00 103.00
167.50 86.50 61.00 103.00
167.50 86.50 61.00 103.00
167.50 82.50 61.00 103.00
171.50 82.50 61.00 103.00
171.50 82.50 61.00 103.00
171.50 82.50 61.00 103.00
175.50 82.50 61.00 103.00
179.50 78.50 61.00 103.00
179.50 78.50 61.00 103.00
183.50 78.50 61.00 103.00
187.50 78.50 61.00 103.00
187.50 74.50 61.00 103.00
191.50 74.50 61.00 103.00
191.50 74.50 61.00 103.00
195.50 74.50 61.00 103.00
195.50 70.50 61.00 103.00
195.50 70.50 61.00 103.00
199.50 66.50 61.00 103.00
199.50 66.50 61.00 103.00
199.50 66.50 61.00 103.00
199.50 62.50 61.00 103.00
203.50 62.50 61.00 103.00
203.50 62.50 61.00 103.00
203.50 62.50 61.00 103.00
203.50 58.50 61.00 103.00
203.50 58.50 61.00 103.00
203.50 58.50 61.00 103.00
203.50 58.50 61.00 103.00
203.50 54.50 61.00 103.00
203.50 54.50 61.00 103.00
203.50 54.50 61.00 103.00
207.50 50.50 61.00 103.00
207.50 50.50 61.00 103.00
207.50 50.50 61.00 103.00
211.50 50.50 61.00 103.00
211.50 50.50 61.00 103.00
211.50 50.50 61.00 103.00
215.50 50.50 61.00 103.00
215.50 50.50 61.00 103.00
219.50 50.50 61.00 103.00
219.50 50.50 61.00 103.00
219.50 54.50 61.00 103.00
219.50 54.50 61.00 103.00
223.50 54.50 61.00 103.00
223.50 54.50 61.00 103.00
223.50 54.50 61.00 103.00
223.50 54.50 61.00 103.00
223.50 54.50 61.00 103.00
223.50 54.50 61.00 103.00
227.50 50.50 61.00 103.00
227.50 50.50 61.00 103.00
227.50 50.50 61.00 103.00
227.50 50.50 61.00 103.00
227.50 50.50 61.00 103.00
227.50 50.50 61.00 103.00
227.50 50.50 61.00 103.00
227.50 50.50 61.00 103.00
227.50 50.50 61.00 103.00
227.50 50.50 61.00 103.00
227.50 50.50 61.00 103.00
227.50 50.50 61.00 103.00
227.50 50.50 61.00 103.00
227.50 50.50 61.00 103.00
227.50 54.50 61.00 103.00
223.50 54.50 61.00 103.00
223.50 54.50 61.00 103.00
223.50 54.50 61.00 103.00
223.50 54.50 61.00 103.00
223.50 54.50 61.00 103.00
223.50 54.50 61.00 103.00
223.50 54.50 61.00 103.00
223.50 54.50 61.00 103.00
223.50 54.50 61.00 103.00
223.50 54.50 61.00 103.00
223.50 54.50 61.00 103.00
223.50 54.50 61.00 103.00
223.50 54.50 61.00 103.00
227.50 54.50 61.00 103.00
227.50 54.50 61.00 103.00
227.50 50.50 61.00 103.00
227.50 50.50 61.00 103.00
231.50 50.50 61.00 103.00
231.50 50.50 61.00 103.00
231.50 50.50 61.00 103.00
231.50 50.50 61.00 103.00
235.50 50.50 61.00 103.00
235.50 50.50 61.00 103.00
235.50 50.50 61.00 103.00
239.50 50.50 61.00 103.00
239.50 50.50 61.00 103.00
243.50 50.50 61.00 103.00
243.50 50.50 61.00 103.00
247.50 50.50 61.00 103.00
247.50 50.50 61.00 103.00
247.50 54.50 61.00 103.00
251.50 54.50 61.00 103.00
255.50 54.50 61.00 103.00
255.50 58.50 61.00 103.00
259.50 62.50 61.00 103.00
259.50 66.50 61.00 103.00
263.50 66.50 61.00 103.00
267.50 70.50 61.00 103.00
271.50 74.50 61.00 103.00
275.50 74.50 61.00 103.00
279.50 78.50 61.00 103.00
283.50 82.50 61.00 103.00
287.50 90.50 61.00 103.00
291.50 94.50 61.00 103.00
299.50 102.50 61.00 103.00
303.50 106.50 61.00 103.00
307.50 114.50 61.00 103.00
315.50 118.50 61.00 103.00
319.50 126.50 61.00 103.00
323.50 134.50 61.00 103.00
327.50 142.50 61.00 103.00
331.50 146.50 61.00 103.00
335.50 150.50 61.00 103.00
339.50 158.50 61.00 103.00
339.50 162.50 61.00 103.00
343.50 166.50 61.00 103.00
343.50 170.50 61.00 103.00
343.50 174.50 61.00 103.00
343.50 178.50 61.00 103.00
343.50 178.50 61.00 103.00
343.50 182.50 61.00 103.00
339.50 186.50 61.00 103.00
339.50 186.50 61.00 103.00
339.50 190.50 61.00 103.00
335.50 194.50 61.00 103.00
335.50 194.50 61.00 103.00
335.50 198.50 61.00 103.00
335.50 202.50 61.00 103.00
331.50 206.50 61.00 103.00
335.50 206.50 61.00 103.00
335.50 210.50 61.00 103.00
335.50 214.50 61.00 103.00
335.50 214.50 61.00 103.00
339.50 218.50 61.00 103.00
339.50 222.50 61.00 103.00
343.50 226.50 61.00 103.00
347.50 226.50 61.00 103.00
347.50 230.50 61.00 103.00
351.50 230.50 61.00 103.00
355.50 234.50 61.00 103.00
359.50 234.50 61.00 103.00
363.50 238.50 61.00 103.00
363.50 238.50 61.00 103.00
367.50 238.50 61.00 103.00
371.50 238.50 61.00 103.00
371.50 238.50 61.00 103.00
371.50 238.50 61.00 103.00
375.50 238.50 61.00 103.00
375.50 238.50 61.00 103.00
375.50 238.50 61.00 103.00
371.50 238.50 61.00 103.00
371.50 238.50 61.00 103.00
371.50 238.50 61.00 103.00
367.50 238.50 61.00 103.00
