147.00 109.50 34.00 33.00
151.00 113.50 34.00 33.00
151.00 117.50 34.00 33.00
155.00 117.50 34.00 33.00
159.00 117.50 34.00 33.00
159.00 117.50 34.00 33.00
159.00 117.50 34.00 33.00
159.00 121.50 34.00 33.00
163.00 121.50 34.00 33.00
163.00 121.50 34.00 33.00
167.00 121.50 34.00 33.00
163.00 117.50 34.00 33.00
159.00 113.50 34.00 33.00
155.00 109.50 34.00 33.00
155.00 105.50 34.00 33.00
155.00 81.50 34.00 33.00
151.00 73.50 34.00 33.00
147.00 69.50 34.00 33.00
143.00 69.50 34.00 33.00
135.00 69.50 34.00 33.00
131.00 65.50 34.00 33.00
131.00 65.50 34.00 33.00
131.00 65.50 34.00 33.00
127.00 65.50 34.00 33.00
131.00 61.50 34.00 33.00
139.00 65.50 34.00 33.00
147.00 73.50 34.00 33.00
151.00 77.50 34.00 33.00
159.00 89.50 34.00 33.00
159.00 97.50 34.00 33.00
163.00 121.50 34.00 33.00
167.00 125.50 34.00 33.00
167.00 121.50 34.00 33.00
167.00 113.50 34.00 33.00
163.00 121.50 34.00 33.00
159.00 125.50 34.00 33.00
147.00 121.50 34.00 33.00
147.00 125.50 34.00 33.00
147.00 121.50 34.00 33.00
147.00 121.50 34.00 33.00
159.00 109.50 34.00 33.00
163.00 93.50 34.00 33.00
159.00 101.50 34.00 33.00
159.00 117.50 34.00 33.00
159.00 121.50 34.00 33.00
159.00 101.50 34.00 33.00
159.00 93.50 34.00 33.00
159.00 89.50 34.00 33.00
159.00 89.50 34.00 33.00
155.00 97.50 34.00 33.00
155.00 113.50 34.00 33.00
155.00 121.50 34.00 33.00
155.00 133.50 34.00 33.00
155.00 149.50 34.00 33.00
159.00 165.50 34.00 33.00
155.00 157.50 34.00 33.00
155.00 141.50 34.00 33.00
155.00 125.50 34.00 33.00
155.00 117.50 34.00 33.00
151.00 109.50 34.00 33.00
151.00 109.50 34.00 33.00
147.00 113.50 34.00 33.00
147.00 117.50 34.00 33.00
143.00 129.50 34.00 33.00
143.00 141.50 34.00 33.00
143.00 145.50 34.00 33.00
139.00 129.50 34.00 33.00
135.00 109.50 34.00 33.00
131.00 89.50 34.00 33.00
127.00 77.50 34.00 33.00
123.00 73.50 34.00 33.00
119.00 77.50 34.00 33.00
119.00 85.50 34.00 33.00
119.00 101.50 34.00 33.00
119.00 117.50 34.00 33.00
123.00 145.50 34.00 33.00
123.00 141.50 34.00 33.00
123.00 125.50 34.00 33.00
131.00 105.50 34.00 33.00
135.00 89.50 34.00 33.00
143.00 77.50 34.00 33.00
147.00 73.50 34.00 33.00
155.00 77.50 34.00 33.00
159.00 81.50 34.00 33.00
159.00 89.50 34.00 33.00
171.00 109.50 34.00 33.00
171.00 117.50 34.00 33.00
171.00 113.50 34.00 33.00
171.00 97.50 34.00 33.00
175.00 85.50 34.00 33.00
179.00 73.50 34.00 33.00
179.00 73.50 34.00 33.00
179.00 77.50 34.00 33.00
179.00 85.50 34.00 33.00
179.00 101.50 34.00 33.00
179.00 101.50 34.00 33.00
187.00 101.50 34.00 33.00
191.00 101.50 34.00 33.00
195.00 101.50 34.00 33.00
191.00 101.50 34.00 33.00
191.00 101.50 34.00 33.00
191.00 101.50 34.00 33.00
187.00 97.50 34.00 33.00
187.00 97.50 34.00 33.00
183.00 97.50 34.00 33.00
179.00 93.50 34.00 33.00
175.00 89.50 34.00 33.00
171.00 89.50 34.00 33.00
167.00 85.50 34.00 33.00
163.00 85.50 34.00 33.00
163.00 85.50 34.00 33.00
159.00 85.50 34.00 33.00
155.00 85.50 34.00 33.00
155.00 85.50 34.00 33.00
151.00 85.50 34.00 33.00
151.00 85.50 34.00 33.00
151.00 89.50 34.00 33.00
151.00 89.50 34.00 33.00
155.00 93.50 34.00 33.00
159.00 93.50 34.00 33.00
167.00 97.50 34.00 33.00
171.00 97.50 34.00 33.00
175.00 101.50 34.00 33.00
179.00 101.50 34.00 33.00
187.00 101.50 34.00 33.00
195.00 101.50 34.00 33.00
199.00 101.50 34.00 33.00
203.00 101.50 34.00 33.00
203.00 101.50 34.00 33.00
203.00 101.50 34.00 33.00
207.00 97.50 34.00 33.00
203.00 97.50 34.00 33.00
203.00 97.50 34.00 33.00
199.00 97.50 34.00 33.00
195.00 97.50 34.00 33.00
191.00 97.50 34.00 33.00
191.00 97.50 34.00 33.00
191.00 97.50 34.00 33.00
191.00 97.50 34.00 33.00
191.00 97.50 34.00 33.00
187.00 93.50 34.00 33.00
187.00 93.50 34.00 33.00
187.00 93.50 34.00 33.00
183.00 89.50 34.00 33.00
183.00 85.50 34.00 33.00
179.00 81.50 34.00 33.00
179.00 81.50 34.00 33.00
175.00 81.50 34.00 33.00
171.00 81.50 34.00 33.00
167.00 85.50 34.00 33.00
155.00 93.50 34.00 33.00
151.00 97.50 34.00 33.00
151.00 101.50 34.00 33.00
147.00 105.50 34.00 33.00
143.00 109.50 34.00 33.00
143.00 113.50 34.00 33.00
143.00 113.50 34.00 33.00
147.00 117.50 34.00 33.00
151.00 121.50 34.00 33.00
155.00 121.50 34.00 33.00
167.00 125.50 34.00 33.00
171.00 125.50 34.00 33.00
175.00 125.50 34.00 33.00
183.00 125.50 34.00 33.00
183.00 125.50 34.00 33.00
191.00 129.50 34.00 33.00
195.00 125.50 34.00 33.00
199.00 125.50 34.00 33.00
203.00 125.50 34.00 33.00
211.00 125.50 34.00 33.00
215.00 121.50 34.00 33.00
215.00 121.50 34.00 33.00
215.00 121.50 34.00 33.00
207.00 117.50 34.00 33.00
203.00 117.50 34.00 33.00
187.00 105.50 34.00 33.00
183.00 101.50 34.00 33.00
175.00 93.50 34.00 33.00
171.00 89.50 34.00 33.00
167.00 85.50 34.00 33.00
159.00 77.50 34.00 33.00
159.00 77.50 34.00 33.00
159.00 77.50 34.00 33.00
155.00 77.50 34.00 33.00
155.00 81.50 34.00 33.00
155.00 85.50 34.00 33.00
147.00 89.50 34.00 33.00
159.00 97.50 34.00 33.00
163.00 97.50 34.00 33.00
167.00 101.50 34.00 33.00
175.00 109.50 34.00 33.00
175.00 109.50 34.00 33.00
175.00 113.50 34.00 33.00
175.00 117.50 34.00 33.00
175.00 121.50 34.00 33.00
175.00 125.50 34.00 33.00
175.00 129.50 34.00 33.00
175.00 133.50 34.00 33.00
175.00 137.50 34.00 33.00
175.00 141.50 34.00 33.00
175.00 149.50 34.00 33.00
175.00 153.50 34.00 33.00
175.00 157.50 34.00 33.00
175.00 161.50 34.00 33.00
175.00 165.50 34.00 33.00
175.00 169.50 34.00 33.00
175.00 169.50 34.00 33.00
175.00 169.50 34.00 33.00
175.00 165.50 34.00 33.00
179.00 157.50 34.00 33.00
179.00 145.50 34.00 33.00
179.00 137.50 34.00 33.00
179.00 133.50 34.00 33.00
179.00 129.50 34.00 33.00
179.00 129.50 34.00 33.00
179.00 117.50 34.00 33.00
179.00 105.50 34.00 33.00
179.00 97.50 34.00 33.00
179.00 93.50 34.00 33.00
179.00 89.50 34.00 33.00
179.00 89.50 34.00 33.00
179.00 89.50 34.00 33.00
179.00 89.50 34.00 33.00
175.00 93.50 34.00 33.00
175.00 97.50 34.00 33.00
171.00 101.50 34.00 33.00
167.00 101.50 34.00 33.00
167.00 101.50 34.00 33.00
163.00 97.50 34.00 33.00
163.00 97.50 34.00 33.00
159.00 97.50 34.00 33.00
159.00 97.50 34.00 33.00
159.00 97.50 34.00 33.00
159.00 97.50 34.00 33.00
163.00 97.50 34.00 33.00
167.00 97.50 34.00 33.00
171.00 97.50 34.00 33.00
171.00 93.50 34.00 33.00
175.00 93.50 34.00 33.00
183.00 93.50 34.00 33.00
191.00 93.50 34.00 33.00
195.00 93.50 34.00 33.00
203.00 89.50 34.00 33.00
207.00 89.50 34.00 33.00
207.00 89.50 34.00 33.00
211.00 89.50 34.00 33.00
215.00 85.50 34.00 33.00
215.00 85.50 34.00 33.00
219.00 85.50 34.00 33.00
219.00 85.50 34.00 33.00
223.00 85.50 34.00 33.00
227.00 81.50 34.00 33.00
231.00 81.50 34.00 33.00
231.00 81.50 34.00 33.00
235.00 81.50 34.00 33.00
235.00 81.50 34.00 33.00
235.00 81.50 34.00 33.00
231.00 81.50 34.00 33.00
227.00 81.50 34.00 33.00
223.00 81.50 34.00 33.00
215.00 81.50 34.00 33.00
211.00 81.50 34.00 33.00
207.00 81.50 34.00 33.00
203.00 81.50 34.00 33.00
199.00 81.50 34.00 33.00
195.00 81.50 34.00 33.00
195.00 81.50 34.00 33.00
195.00 85.50 34.00 33.00
191.00 85.50 34.00 33.00
191.00 85.50 34.00 33.00
187.00 89.50 34.00 33.00
187.00 89.50 34.00 33.00
183.00 89.50 34.00 33.00
179.00 93.50 34.00 33.00
171.00 93.50 34.00 33.00
151.00 101.50 34.00 33.00
151.00 101.50 34.00 33.00
151.00 101.50 34.00 33.00
147.00 101.50 34.00 33.00
147.00 105.50 34.00 33.00
155.00 101.50 34.00 33.00
159.00 101.50 34.00 33.00
163.00 101.50 34.00 33.00
167.00 97.50 34.00 33.00
175.00 93.50 34.00 33.00
183.00 85.50 34.00 33.00
187.00 85.50 34.00 33.00
191.00 81.50 34.00 33.00
195.00 77.50 34.00 33.00
195.00 77.50 34.00 33.00
199.00 77.50 34.00 33.00
199.00 77.50 34.00 33.00
195.00 77.50 34.00 33.00
195.00 77.50 34.00 33.00
195.00 77.50 34.00 33.00
195.00 77.50 34.00 33.00
191.00 77.50 34.00 33.00
191.00 81.50 34.00 33.00
191.00 81.50 34.00 33.00
187.00 81.50 34.00 33.00
179.00 85.50 34.00 33.00
175.00 85.50 34.00 33.00
171.00 85.50 34.00 33.00
171.00 89.50 34.00 33.00
171.00 89.50 34.00 33.00
171.00 101.50 34.00 33.00
171.00 105.50 34.00 33.00
175.00 109.50 34.00 33.00
175.00 113.50 34.00 33.00
175.00 117.50 34.00 33.00
175.00 121.50 34.00 33.00
175.00 121.50 34.00 33.00
175.00 121.50 34.00 33.00
