129.00 80.00 64.00 78.00
129.00 80.00 64.00 78.00
125.00 84.00 64.00 78.00
125.00 88.00 64.00 78.00
121.00 88.00 64.00 78.00
117.00 88.00 64.00 78.00
117.00 84.00 64.00 78.00
117.00 80.00 64.00 78.00
113.00 76.00 64.00 78.00
113.00 76.00 64.00 78.00
109.00 76.00 64.00 78.00
105.00 76.00 64.00 78.00
101.00 80.00 64.00 78.00
93.00 80.00 64.00 78.00
89.00 80.00 64.00 78.00
89.00 76.00 64.00 78.00
89.00 76.00 64.00 78.00
89.00 72.00 64.00 78.00
93.00 76.00 64.00 78.00
97.00 76.00 64.00 78.00
97.00 80.00 64.00 78.00
97.00 80.00 64.00 78.00
97.00 84.00 64.00 78.00
97.00 84.00 64.00 78.00
97.00 84.00 64.00 78.00
101.00 84.00 64.00 78.00
101.00 84.00 64.00 78.00
101.00 80.00 64.00 78.00
105.00 76.00 64.00 78.00
109.00 72.00 64.00 78.00
113.00 68.00 64.00 78.00
117.00 68.00 64.00 78.00
121.00 64.00 64.00 78.00
125.00 64.00 64.00 78.00
129.00 68.00 64.00 78.00
129.00 72.00 64.00 78.00
129.00 72.00 64.00 78.00
129.00 68.00 64.00 78.00
125.00 68.00 64.00 78.00
121.00 64.00 64.00 78.00
117.00 64.00 64.00 78.00
113.00 64.00 64.00 78.00
109.00 68.00 64.00 78.00
101.00 72.00 64.00 78.00
97.00 76.00 64.00 78.00
93.00 76.00 64.00 78.00
89.00 76.00 64.00 78.00
89.00 76.00 64.00 78.00
85.00 76.00 64.00 78.00
85.00 72.00 64.00 78.00
85.00 68.00 64.00 78.00
89.00 64.00 64.00 78.00
93.00 64.00 64.00 78.00
97.00 64.00 64.00 78.00
97.00 68.00 64.00 78.00
101.00 72.00 64.00 78.00
105.00 80.00 64.00 78.00
105.00 80.00 64.00 78.00
109.00 84.00 64.00 78.00
113.00 80.00 64.00 78.00
117.00 76.00 64.00 78.00
121.00 72.00 64.00 78.00
125.00 68.00 64.00 78.00
125.00 64.00 64.00 78.00
125.00 64.00 64.00 78.00
125.00 68.00 64.00 78.00
121.00 72.00 64.00 78.00
121.00 76.00 64.00 78.00
117.00 76.00 64.00 78.00
117.00 76.00 64.00 78.00
117.00 76.00 64.00 78.00
117.00 72.00 64.00 78.00
117.00 72.00 64.00 78.00
117.00 72.00 64.00 78.00
117.00 76.00 64.00 78.00
117.00 80.00 64.00 78.00
113.00 80.00 64.00 78.00
113.00 80.00 64.00 78.00
113.00 80.00 64.00 78.00
113.00 84.00 64.00 78.00
109.00 84.00 64.00 78.00
105.00 80.00 64.00 78.00
101.00 76.00 64.00 78.00
101.00 72.00 64.00 78.00
101.00 72.00 64.00 78.00
101.00 76.00 64.00 78.00
101.00 80.00 64.00 78.00
101.00 84.00 64.00 78.00
101.00 88.00 64.00 78.00
105.00 92.00 64.00 78.00
109.00 92.00 64.00 78.00
109.00 88.00 64.00 78.00
113.00 80.00 64.00 78.00
117.00 72.00 64.00 78.00
121.00 68.00 64.00 78.00
125.00 68.00 64.00 78.00
125.00 68.00 64.00 78.00
125.00 72.00 64.00 78.00
129.00 72.00 64.00 78.00
129.00 72.00 64.00 78.00
133.00 72.00 64.00 78.00
133.00 72.00 64.00 78.00
133.00 72.00 64.00 78.00
133.00 72.00 64.00 78.00
129.00 72.00 64.00 78.00
129.00 68.00 64.00 78.00
129.00 72.00 64.00 78.00
125.00 76.00 64.00 78.00
121.00 80.00 64.00 78.00
117.00 80.00 64.00 78.00
113.00 80.00 64.00 78.00
109.00 84.00 64.00 78.00
105.00 80.00 64.00 78.00
105.00 76.00 64.00 78.00
105.00 76.00 64.00 78.00
109.00 76.00 64.00 78.00
109.00 76.00 64.00 78.00
109.00 76.00 64.00 78.00
105.00 76.00 64.00 78.00
109.00 76.00 64.00 78.00
109.00 80.00 64.00 78.00
109.00 80.00 64.00 78.00
113.00 80.00 64.00 78.00
113.00 76.00 64.00 78.00
117.00 72.00 64.00 78.00
117.00 72.00 64.00 78.00
121.00 68.00 64.00 78.00
125.00 64.00 64.00 78.00
129.00 64.00 64.00 78.00
129.00 64.00 64.00 78.00
129.00 68.00 64.00 78.00
129.00 68.00 64.00 78.00
133.00 68.00 64.00 78.00
133.00 68.00 64.00 78.00
129.00 68.00 64.00 78.00
129.00 64.00 64.00 78.00
129.00 64.00 64.00 78.00
129.00 60.00 64.00 78.00
129.00 60.00 64.00 78.00
129.00 56.00 64.00 78.00
125.00 56.00 64.00 78.00
121.00 56.00 64.00 78.00
121.00 56.00 64.00 78.00
117.00 60.00 64.00 78.00
113.00 60.00 64.00 78.00
113.00 60.00 64.00 78.00
109.00 60.00 64.00 78.00
109.00 56.00 64.00 78.00
105.00 52.00 64.00 78.00
105.00 48.00 64.00 78.00
105.00 48.00 64.00 78.00
105.00 48.00 64.00 78.00
105.00 48.00 64.00 78.00
105.00 52.00 64.00 78.00
105.00 56.00 64.00 78.00
105.00 60.00 64.00 78.00
109.00 64.00 64.00 78.00
109.00 64.00 64.00 78.00
109.00 60.00 64.00 78.00
109.00 60.00 64.00 78.00
109.00 56.00 64.00 78.00
109.00 52.00 64.00 78.00
109.00 48.00 64.00 78.00
109.00 48.00 64.00 78.00
109.00 48.00 64.00 78.00
105.00 48.00 64.00 78.00
105.00 52.00 64.00 78.00
105.00 56.00 64.00 78.00
105.00 60.00 64.00 78.00
105.00 64.00 64.00 78.00
105.00 64.00 64.00 78.00
105.00 60.00 64.00 78.00
109.00 60.00 64.00 78.00
109.00 56.00 64.00 78.00
109.00 52.00 64.00 78.00
105.00 48.00 64.00 78.00
105.00 48.00 64.00 78.00
105.00 48.00 64.00 78.00
105.00 48.00 64.00 78.00
109.00 52.00 64.00 78.00
109.00 52.00 64.00 78.00
109.00 56.00 64.00 78.00
109.00 60.00 64.00 78.00
105.00 60.00 64.00 78.00
101.00 64.00 64.00 78.00
97.00 64.00 64.00 78.00
93.00 60.00 64.00 78.00
93.00 60.00 64.00 78.00
89.00 56.00 64.00 78.00
89.00 56.00 64.00 78.00
85.00 56.00 64.00 78.00
85.00 56.00 64.00 78.00
85.00 56.00 64.00 78.00
85.00 56.00 64.00 78.00
89.00 56.00 64.00 78.00
93.00 52.00 64.00 78.00
97.00 48.00 64.00 78.00
97.00 44.00 64.00 78.00
97.00 40.00 64.00 78.00
105.00 40.00 64.00 78.00
109.00 44.00 64.00 78.00
113.00 48.00 64.00 78.00
117.00 48.00 64.00 78.00
121.00 52.00 64.00 78.00
125.00 52.00 64.00 78.00
125.00 52.00 64.00 78.00
129.00 52.00 64.00 78.00
129.00 56.00 64.00 78.00
133.00 60.00 64.00 78.00
133.00 64.00 64.00 78.00
133.00 64.00 64.00 78.00
137.00 64.00 64.00 78.00
137.00 64.00 64.00 78.00
133.00 64.00 64.00 78.00
129.00 64.00 64.00 78.00
125.00 64.00 64.00 78.00
117.00 64.00 64.00 78.00
113.00 64.00 64.00 78.00
109.00 64.00 64.00 78.00
105.00 64.00 64.00 78.00
105.00 64.00 64.00 78.00
101.00 64.00 64.00 78.00
101.00 64.00 64.00 78.00
101.00 68.00 64.00 78.00
105.00 72.00 64.00 78.00
109.00 72.00 64.00 78.00
113.00 76.00 64.00 78.00
117.00 76.00 64.00 78.00
121.00 76.00 64.00 78.00
125.00 72.00 64.00 78.00
129.00 72.00 64.00 78.00
133.00 72.00 64.00 78.00
137.00 72.00 64.00 78.00
141.00 72.00 64.00 78.00
141.00 72.00 64.00 78.00
141.00 76.00 64.00 78.00
137.00 76.00 64.00 78.00
137.00 80.00 64.00 78.00
137.00 80.00 64.00 78.00
137.00 80.00 64.00 78.00
137.00 80.00 64.00 78.00
137.00 80.00 64.00 78.00
137.00 76.00 64.00 78.00
141.00 76.00 64.00 78.00
145.00 76.00 64.00 78.00
145.00 76.00 64.00 78.00
149.00 80.00 64.00 78.00
145.00 80.00 64.00 78.00
149.00 84.00 64.00 78.00
149.00 84.00 64.00 78.00
145.00 84.00 64.00 78.00
141.00 80.00 64.00 78.00
137.00 76.00 64.00 78.00
137.00 76.00 64.00 78.00
133.00 72.00 64.00 78.00
133.00 68.00 64.00 78.00
133.00 64.00 64.00 78.00
133.00 64.00 64.00 78.00
133.00 64.00 64.00 78.00
133.00 68.00 64.00 78.00
133.00 72.00 64.00 78.00
133.00 80.00 64.00 78.00
133.00 84.00 64.00 78.00
137.00 84.00 64.00 78.00
137.00 80.00 64.00 78.00
141.00 76.00 64.00 78.00
141.00 72.00 64.00 78.00
141.00 68.00 64.00 78.00
141.00 64.00 64.00 78.00
141.00 64.00 64.00 78.00
141.00 60.00 64.00 78.00
141.00 64.00 64.00 78.00
137.00 68.00 64.00 78.00
137.00 68.00 64.00 78.00
137.00 72.00 64.00 78.00
133.00 72.00 64.00 78.00
129.00 68.00 64.00 78.00
121.00 68.00 64.00 78.00
117.00 64.00 64.00 78.00
113.00 60.00 64.00 78.00
105.00 56.00 64.00 78.00
97.00 56.00 64.00 78.00
93.00 56.00 64.00 78.00
93.00 56.00 64.00 78.00
89.00 60.00 64.00 78.00
89.00 64.00 64.00 78.00
89.00 72.00 64.00 78.00
89.00 72.00 64.00 78.00
93.00 72.00 64.00 78.00
97.00 72.00 64.00 78.00
105.00 72.00 64.00 78.00
109.00 72.00 64.00 78.00
117.00 68.00 64.00 78.00
117.00 68.00 64.00 78.00
117.00 68.00 64.00 78.00
113.00 68.00 64.00 78.00
109.00 68.00 64.00 78.00
105.00 68.00 64.00 78.00
97.00 68.00 64.00 78.00
89.00 68.00 64.00 78.00
81.00 68.00 64.00 78.00
73.00 64.00 64.00 78.00
69.00 60.00 64.00 78.00
61.00 56.00 64.00 78.00
57.00 52.00 64.00 78.00
57.00 52.00 64.00 78.00
53.00 52.00 64.00 78.00
53.00 56.00 64.00 78.00
53.00 64.00 64.00 78.00
49.00 68.00 64.00 78.00
45.00 72.00 64.00 78.00
41.00 76.00 64.00 78.00
33.00 72.00 64.00 78.00
29.00 72.00 64.00 78.00
21.00 68.00 64.00 78.00
25.00 64.00 64.00 78.00
25.00 60.00 64.00 78.00
25.00 60.00 64.00 78.00
33.00 60.00 64.00 78.00
37.00 64.00 64.00 78.00
41.00 68.00 64.00 78.00
41.00 72.00 64.00 78.00
45.00 72.00 64.00 78.00
49.00 76.00 64.00 78.00
53.00 76.00 64.00 78.00
57.00 72.00 64.00 78.00
65.00 68.00 64.00 78.00
69.00 60.00 64.00 78.00
77.00 52.00 64.00 78.00
85.00 48.00 64.00 78.00
93.00 48.00 64.00 78.00
97.00 52.00 64.00 78.00
97.00 56.00 64.00 78.00
101.00 56.00 64.00 78.00
101.00 60.00 64.00 78.00
105.00 60.00 64.00 78.00
105.00 60.00 64.00 78.00
101.00 60.00 64.00 78.00
105.00 60.00 64.00 78.00
105.00 56.00 64.00 78.00
101.00 56.00 64.00 78.00
105.00 56.00 64.00 78.00
101.00 56.00 64.00 78.00
101.00 60.00 64.00 78.00
101.00 60.00 64.00 78.00
101.00 60.00 64.00 78.00
101.00 60.00 64.00 78.00
101.00 60.00 64.00 78.00
101.00 60.00 64.00 78.00
105.00 56.00 64.00 78.00
109.00 52.00 64.00 78.00
113.00 48.00 64.00 78.00
117.00 48.00 64.00 78.00
121.00 52.00 64.00 78.00
121.00 60.00 64.00 78.00
117.00 68.00 64.00 78.00
117.00 72.00 64.00 78.00
117.00 72.00 64.00 78.00
113.00 68.00 64.00 78.00
113.00 64.00 64.00 78.00
117.00 60.00 64.00 78.00
125.00 56.00 64.00 78.00
129.00 56.00 64.00 78.00
129.00 60.00 64.00 78.00
129.00 64.00 64.00 78.00
125.00 64.00 64.00 78.00
117.00 68.00 64.00 78.00
113.00 68.00 64.00 78.00
105.00 64.00 64.00 78.00
97.00 60.00 64.00 78.00
93.00 56.00 64.00 78.00
93.00 52.00 64.00 78.00
97.00 52.00 64.00 78.00
97.00 52.00 64.00 78.00
97.00 56.00 64.00 78.00
97.00 56.00 64.00 78.00
97.00 60.00 64.00 78.00
93.00 60.00 64.00 78.00
93.00 64.00 64.00 78.00
89.00 64.00 64.00 78.00
85.00 60.00 64.00 78.00
89.00 56.00 64.00 78.00
93.00 56.00 64.00 78.00
97.00 52.00 64.00 78.00
105.00 56.00 64.00 78.00
113.00 60.00 64.00 78.00
117.00 60.00 64.00 78.00
125.00 60.00 64.00 78.00
129.00 56.00 64.00 78.00
133.00 56.00 64.00 78.00
133.00 52.00 64.00 78.00
137.00 52.00 64.00 78.00
137.00 48.00 64.00 78.00
137.00 44.00 64.00 78.00
137.00 44.00 64.00 78.00
137.00 44.00 64.00 78.00
137.00 44.00 64.00 78.00
141.00 52.00 64.00 78.00
137.00 60.00 64.00 78.00
133.00 64.00 64.00 78.00
129.00 64.00 64.00 78.00
125.00 64.00 64.00 78.00
117.00 60.00 64.00 78.00
117.00 56.00 64.00 78.00
121.00 52.00 64.00 78.00
125.00 52.00 64.00 78.00
125.00 52.00 64.00 78.00
125.00 56.00 64.00 78.00
125.00 60.00 64.00 78.00
125.00 60.00 64.00 78.00
125.00 64.00 64.00 78.00
129.00 64.00 64.00 78.00
129.00 68.00 64.00 78.00
129.00 68.00 64.00 78.00
133.00 60.00 64.00 78.00
133.00 60.00 64.00 78.00
137.00 60.00 64.00 78.00
141.00 64.00 64.00 78.00
137.00 68.00 64.00 78.00
137.00 68.00 64.00 78.00
133.00 72.00 64.00 78.00
129.00 72.00 64.00 78.00
125.00 72.00 64.00 78.00
125.00 68.00 64.00 78.00
121.00 68.00 64.00 78.00
117.00 64.00 64.00 78.00
113.00 64.00 64.00 78.00
109.00 64.00 64.00 78.00
105.00 60.00 64.00 78.00
105.00 52.00 64.00 78.00
105.00 52.00 64.00 78.00
101.00 56.00 64.00 78.00
101.00 60.00 64.00 78.00
101.00 60.00 64.00 78.00
101.00 64.00 64.00 78.00
97.00 64.00 64.00 78.00
97.00 64.00 64.00 78.00
97.00 64.00 64.00 78.00
97.00 64.00 64.00 78.00
105.00 64.00 64.00 78.00
113.00 68.00 64.00 78.00
121.00 68.00 64.00 78.00
125.00 68.00 64.00 78.00
129.00 68.00 64.00 78.00
133.00 68.00 64.00 78.00
129.00 68.00 64.00 78.00
133.00 68.00 64.00 78.00
137.00 64.00 64.00 78.00
133.00 64.00 64.00 78.00
133.00 64.00 64.00 78.00
129.00 64.00 64.00 78.00
121.00 60.00 64.00 78.00
125.00 60.00 64.00 78.00
125.00 64.00 64.00 78.00
125.00 68.00 64.00 78.00
121.00 68.00 64.00 78.00
121.00 72.00 64.00 78.00
129.00 76.00 64.00 78.00
133.00 76.00 64.00 78.00
133.00 76.00 64.00 78.00
133.00 76.00 64.00 78.00
137.00 76.00 64.00 78.00
137.00 76.00 64.00 78.00
133.00 76.00 64.00 78.00
133.00 76.00 64.00 78.00
129.00 76.00 64.00 78.00
125.00 76.00 64.00 78.00
121.00 72.00 64.00 78.00
121.00 72.00 64.00 78.00
117.00 72.00 64.00 78.00
113.00 72.00 64.00 78.00
