162.00 188.00 34.00 84.00
162.00 188.00 34.00 84.00
162.00 188.00 34.00 84.00
162.00 188.00 34.00 84.00
162.00 188.00 34.00 84.00
162.00 188.00 34.00 84.00
162.00 188.00 34.00 84.00
162.00 188.00 34.00 84.00
162.00 184.00 34.00 84.00
158.00 184.00 34.00 84.00
158.00 184.00 34.00 84.00
158.00 184.00 34.00 84.00
158.00 184.00 34.00 84.00
158.00 184.00 34.00 84.00
162.00 184.00 34.00 84.00
162.00 188.00 34.00 84.00
162.00 188.00 34.00 84.00
162.00 188.00 34.00 84.00
162.00 188.00 34.00 84.00
162.00 188.00 34.00 84.00
162.00 192.00 34.00 84.00
162.00 192.00 34.00 84.00
162.00 192.00 34.00 84.00
162.00 192.00 34.00 84.00
162.00 188.00 34.00 84.00
166.00 192.00 34.00 84.00
166.00 188.00 34.00 84.00
170.00 188.00 34.00 84.00
170.00 188.00 34.00 84.00
170.00 188.00 34.00 84.00
170.00 188.00 34.00 84.00
170.00 188.00 34.00 84.00
170.00 188.00 34.00 84.00
170.00 188.00 34.00 84.00
166.00 188.00 34.00 84.00
166.00 188.00 34.00 84.00
166.00 188.00 34.00 84.00
166.00 188.00 34.00 84.00
166.00 188.00 34.00 84.00
162.00 188.00 34.00 84.00
162.00 188.00 34.00 84.00
162.00 188.00 34.00 84.00
158.00 188.00 34.00 84.00
158.00 188.00 34.00 84.00
158.00 188.00 34.00 84.00
158.00 192.00 34.00 84.00
158.00 192.00 34.00 84.00
158.00 192.00 34.00 84.00
154.00 192.00 34.00 84.00
154.00 192.00 34.00 84.00
154.00 192.00 34.00 84.00
150.00 192.00 34.00 84.00
150.00 192.00 34.00 84.00
150.00 192.00 34.00 84.00
150.00 192.00 34.00 84.00
150.00 192.00 34.00 84.00
146.00 192.00 34.00 84.00
146.00 192.00 34.00 84.00
142.00 192.00 34.00 84.00
142.00 192.00 34.00 84.00
142.00 192.00 34.00 84.00
142.00 192.00 34.00 84.00
142.00 192.00 34.00 84.00
142.00 192.00 34.00 84.00
146.00 192.00 34.00 84.00
146.00 192.00 34.00 84.00
146.00 192.00 34.00 84.00
146.00 192.00 34.00 84.00
146.00 192.00 34.00 84.00
150.00 192.00 34.00 84.00
150.00 192.00 34.00 84.00
154.00 192.00 34.00 84.00
158.00 188.00 34.00 84.00
158.00 188.00 34.00 84.00
158.00 188.00 34.00 84.00
158.00 188.00 34.00 84.00
162.00 188.00 34.00 84.00
166.00 188.00 34.00 84.00
166.00 188.00 34.00 84.00
166.00 188.00 34.00 84.00
170.00 188.00 34.00 84.00
174.00 188.00 34.00 84.00
178.00 188.00 34.00 84.00
178.00 188.00 34.00 84.00
182.00 188.00 34.00 84.00
186.00 188.00 34.00 84.00
190.00 188.00 34.00 84.00
190.00 188.00 34.00 84.00
194.00 188.00 34.00 84.00
198.00 188.00 34.00 84.00
198.00 188.00 34.00 84.00
198.00 188.00 34.00 84.00
202.00 188.00 34.00 84.00
202.00 188.00 34.00 84.00
202.00 188.00 34.00 84.00
202.00 188.00 34.00 84.00
202.00 188.00 34.00 84.00
202.00 188.00 34.00 84.00
202.00 188.00 34.00 84.00
202.00 188.00 34.00 84.00
202.00 188.00 34.00 84.00
202.00 188.00 34.00 84.00
202.00 188.00 34.00 84.00
206.00 188.00 34.00 84.00
206.00 188.00 34.00 84.00
206.00 188.00 34.00 84.00
206.00 184.00 34.00 84.00
210.00 184.00 34.00 84.00
210.00 184.00 34.00 84.00
210.00 184.00 34.00 84.00
214.00 180.00 34.00 84.00
214.00 180.00 34.00 84.00
214.00 180.00 34.00 84.00
218.00 176.00 34.00 84.00
218.00 176.00 34.00 84.00
222.00 176.00 34.00 84.00
222.00 176.00 34.00 84.00
222.00 176.00 34.00 84.00
226.00 172.00 34.00 84.00
226.00 172.00 34.00 84.00
226.00 172.00 34.00 84.00
226.00 172.00 34.00 84.00
226.00 172.00 34.00 84.00
230.00 172.00 34.00 84.00
230.00 172.00 34.00 84.00
230.00 172.00 34.00 84.00
230.00 172.00 34.00 84.00
230.00 172.00 34.00 84.00
230.00 172.00 34.00 84.00
230.00 172.00 34.00 84.00
230.00 172.00 34.00 84.00
230.00 172.00 34.00 84.00
230.00 172.00 34.00 84.00
230.00 172.00 34.00 84.00
230.00 172.00 34.00 84.00
230.00 172.00 34.00 84.00
230.00 172.00 34.00 84.00
230.00 172.00 34.00 84.00
230.00 172.00 34.00 84.00
230.00 172.00 34.00 84.00
230.00 172.00 34.00 84.00
230.00 172.00 34.00 84.00
230.00 172.00 34.00 84.00
230.00 172.00 34.00 84.00
230.00 172.00 34.00 84.00
230.00 172.00 34.00 84.00
230.00 172.00 34.00 84.00
230.00 172.00 34.00 84.00
230.00 172.00 34.00 84.00
230.00 172.00 34.00 84.00
230.00 172.00 34.00 84.00
230.00 172.00 34.00 84.00
230.00 172.00 34.00 84.00
230.00 172.00 34.00 84.00
230.00 172.00 34.00 84.00
230.00 176.00 34.00 84.00
234.00 176.00 34.00 84.00
234.00 176.00 34.00 84.00
234.00 180.00 34.00 84.00
234.00 180.00 34.00 84.00
230.00 180.00 34.00 84.00
230.00 180.00 34.00 84.00
230.00 180.00 34.00 84.00
230.00 180.00 34.00 84.00
226.00 180.00 34.00 84.00
226.00 176.00 34.00 84.00
222.00 176.00 34.00 84.00
222.00 176.00 34.00 84.00
222.00 176.00 34.00 84.00
222.00 172.00 34.00 84.00
222.00 172.00 34.00 84.00
222.00 168.00 34.00 84.00
222.00 168.00 34.00 84.00
218.00 164.00 34.00 84.00
218.00 164.00 34.00 84.00
218.00 164.00 34.00 84.00
218.00 164.00 34.00 84.00
218.00 164.00 34.00 84.00
218.00 164.00 34.00 84.00
218.00 164.00 34.00 84.00
218.00 164.00 34.00 84.00
218.00 164.00 34.00 84.00
218.00 164.00 34.00 84.00
218.00 164.00 34.00 84.00
218.00 168.00 34.00 84.00
214.00 168.00 34.00 84.00
214.00 168.00 34.00 84.00
214.00 168.00 34.00 84.00
214.00 168.00 34.00 84.00
210.00 168.00 34.00 84.00
210.00 172.00 34.00 84.00
206.00 172.00 34.00 84.00
206.00 172.00 34.00 84.00
202.00 172.00 34.00 84.00
202.00 172.00 34.00 84.00
198.00 172.00 34.00 84.00
198.00 172.00 34.00 84.00
198.00 172.00 34.00 84.00
194.00 168.00 34.00 84.00
194.00 168.00 34.00 84.00
194.00 168.00 34.00 84.00
194.00 168.00 34.00 84.00
194.00 168.00 34.00 84.00
194.00 168.00 34.00 84.00
194.00 168.00 34.00 84.00
194.00 168.00 34.00 84.00
190.00 168.00 34.00 84.00
190.00 172.00 34.00 84.00
190.00 172.00 34.00 84.00
190.00 172.00 34.00 84.00
186.00 172.00 34.00 84.00
186.00 172.00 34.00 84.00
186.00 172.00 34.00 84.00
186.00 172.00 34.00 84.00
186.00 172.00 34.00 84.00
190.00 172.00 34.00 84.00
190.00 168.00 34.00 84.00
190.00 168.00 34.00 84.00
194.00 168.00 34.00 84.00
194.00 168.00 34.00 84.00
194.00 168.00 34.00 84.00
194.00 168.00 34.00 84.00
194.00 168.00 34.00 84.00
194.00 168.00 34.00 84.00
194.00 168.00 34.00 84.00
194.00 168.00 34.00 84.00
194.00 168.00 34.00 84.00
194.00 168.00 34.00 84.00
194.00 168.00 34.00 84.00
194.00 168.00 34.00 84.00
194.00 168.00 34.00 84.00
194.00 168.00 34.00 84.00
194.00 164.00 34.00 84.00
194.00 164.00 34.00 84.00
194.00 164.00 34.00 84.00
194.00 164.00 34.00 84.00
194.00 164.00 34.00 84.00
194.00 164.00 34.00 84.00
194.00 164.00 34.00 84.00
194.00 164.00 34.00 84.00
194.00 164.00 34.00 84.00
198.00 164.00 34.00 84.00
198.00 164.00 34.00 84.00
198.00 164.00 34.00 84.00
202.00 164.00 34.00 84.00
202.00 164.00 34.00 84.00
202.00 164.00 34.00 84.00
206.00 164.00 34.00 84.00
206.00 160.00 34.00 84.00
206.00 160.00 34.00 84.00
206.00 160.00 34.00 84.00
206.00 156.00 34.00 84.00
206.00 156.00 34.00 84.00
206.00 156.00 34.00 84.00
202.00 156.00 34.00 84.00
202.00 160.00 34.00 84.00
202.00 160.00 34.00 84.00
202.00 164.00 34.00 84.00
202.00 160.00 34.00 84.00
202.00 164.00 34.00 84.00
202.00 164.00 34.00 84.00
202.00 164.00 34.00 84.00
206.00 164.00 34.00 84.00
210.00 164.00 34.00 84.00
210.00 164.00 34.00 84.00
210.00 164.00 34.00 84.00
210.00 160.00 34.00 84.00
210.00 160.00 34.00 84.00
210.00 160.00 34.00 84.00
210.00 164.00 34.00 84.00
214.00 164.00 34.00 84.00
214.00 164.00 34.00 84.00
218.00 164.00 34.00 84.00
222.00 164.00 34.00 84.00
226.00 164.00 34.00 84.00
230.00 164.00 34.00 84.00
234.00 164.00 34.00 84.00
238.00 168.00 34.00 84.00
238.00 164.00 34.00 84.00
238.00 164.00 34.00 84.00
242.00 164.00 34.00 84.00
242.00 164.00 34.00 84.00
246.00 164.00 34.00 84.00
246.00 164.00 34.00 84.00
246.00 164.00 34.00 84.00
246.00 168.00 34.00 84.00
246.00 168.00 34.00 84.00
250.00 168.00 34.00 84.00
250.00 168.00 34.00 84.00
254.00 168.00 34.00 84.00
258.00 168.00 34.00 84.00
258.00 168.00 34.00 84.00
262.00 168.00 34.00 84.00
266.00 168.00 34.00 84.00
266.00 168.00 34.00 84.00
266.00 168.00 34.00 84.00
262.00 168.00 34.00 84.00
262.00 168.00 34.00 84.00
262.00 168.00 34.00 84.00
262.00 168.00 34.00 84.00
262.00 168.00 34.00 84.00
262.00 168.00 34.00 84.00
262.00 168.00 34.00 84.00
262.00 168.00 34.00 84.00
258.00 168.00 34.00 84.00
258.00 168.00 34.00 84.00
254.00 168.00 34.00 84.00
254.00 168.00 34.00 84.00
254.00 164.00 34.00 84.00
250.00 164.00 34.00 84.00
246.00 168.00 34.00 84.00
246.00 168.00 34.00 84.00
242.00 168.00 34.00 84.00
242.00 168.00 34.00 84.00
238.00 168.00 34.00 84.00
238.00 168.00 34.00 84.00
238.00 168.00 34.00 84.00
238.00 168.00 34.00 84.00
238.00 168.00 34.00 84.00
234.00 168.00 34.00 84.00
234.00 168.00 34.00 84.00
234.00 172.00 34.00 84.00
230.00 172.00 34.00 84.00
230.00 172.00 34.00 84.00
230.00 172.00 34.00 84.00
230.00 168.00 34.00 84.00
230.00 168.00 34.00 84.00
230.00 168.00 34.00 84.00
230.00 168.00 34.00 84.00
230.00 168.00 34.00 84.00
230.00 168.00 34.00 84.00
234.00 168.00 34.00 84.00
238.00 168.00 34.00 84.00
238.00 168.00 34.00 84.00
242.00 168.00 34.00 84.00
242.00 172.00 34.00 84.00
246.00 172.00 34.00 84.00
246.00 172.00 34.00 84.00
250.00 172.00 34.00 84.00
254.00 172.00 34.00 84.00
254.00 172.00 34.00 84.00
258.00 172.00 34.00 84.00
262.00 168.00 34.00 84.00
262.00 168.00 34.00 84.00
266.00 172.00 34.00 84.00
266.00 172.00 34.00 84.00
270.00 172.00 34.00 84.00
270.00 172.00 34.00 84.00
274.00 172.00 34.00 84.00
274.00 172.00 34.00 84.00
278.00 172.00 34.00 84.00
282.00 172.00 34.00 84.00
282.00 176.00 34.00 84.00
286.00 176.00 34.00 84.00
286.00 176.00 34.00 84.00
286.00 176.00 34.00 84.00
290.00 176.00 34.00 84.00
290.00 172.00 34.00 84.00
290.00 172.00 34.00 84.00
290.00 172.00 34.00 84.00
290.00 176.00 34.00 84.00
290.00 176.00 34.00 84.00
294.00 176.00 34.00 84.00
294.00 176.00 34.00 84.00
294.00 180.00 34.00 84.00
294.00 180.00 34.00 84.00
298.00 180.00 34.00 84.00
298.00 180.00 34.00 84.00
298.00 180.00 34.00 84.00
302.00 180.00 34.00 84.00
302.00 180.00 34.00 84.00
306.00 180.00 34.00 84.00
306.00 180.00 34.00 84.00
310.00 180.00 34.00 84.00
314.00 176.00 34.00 84.00
314.00 180.00 34.00 84.00
318.00 180.00 34.00 84.00
322.00 180.00 34.00 84.00
322.00 180.00 34.00 84.00
326.00 180.00 34.00 84.00
326.00 184.00 34.00 84.00
330.00 184.00 34.00 84.00
330.00 184.00 34.00 84.00
330.00 184.00 34.00 84.00
334.00 184.00 34.00 84.00
338.00 184.00 34.00 84.00
338.00 184.00 34.00 84.00
338.00 184.00 34.00 84.00
338.00 184.00 34.00 84.00
338.00 184.00 34.00 84.00
338.00 180.00 34.00 84.00
342.00 184.00 34.00 84.00
342.00 184.00 34.00 84.00
342.00 184.00 34.00 84.00
342.00 188.00 34.00 84.00
342.00 188.00 34.00 84.00
346.00 188.00 34.00 84.00
346.00 188.00 34.00 84.00
346.00 184.00 34.00 84.00
350.00 184.00 34.00 84.00
