141.50 125.00 91.00 40.00
137.50 125.00 91.00 40.00
133.50 125.00 91.00 40.00
129.50 125.00 91.00 40.00
125.50 125.00 91.00 40.00
121.50 125.00 91.00 40.00
113.50 125.00 91.00 40.00
109.50 121.00 91.00 40.00
105.50 121.00 91.00 40.00
101.50 121.00 91.00 40.00
93.50 121.00 91.00 40.00
89.50 121.00 91.00 40.00
85.50 117.00 91.00 40.00
81.50 117.00 91.00 40.00
77.50 117.00 91.00 40.00
69.50 117.00 91.00 40.00
65.50 117.00 91.00 40.00
61.50 117.00 91.00 40.00
57.50 117.00 91.00 40.00
49.50 117.00 91.00 40.00
45.50 113.00 91.00 40.00
37.50 113.00 91.00 40.00
33.50 113.00 91.00 40.00
25.50 113.00 91.00 40.00
21.50 113.00 91.00 40.00
13.50 117.00 91.00 40.00
9.50 117.00 91.00 40.00
5.50 117.00 91.00 40.00
-2.50 117.00 91.00 40.00
-10.50 121.00 91.00 40.00
-14.50 121.00 91.00 40.00
-22.50 125.00 91.00 40.00
-26.50 125.00 91.00 40.00
-34.50 125.00 91.00 40.00
-38.50 125.00 91.00 40.00
-38.50 125.00 91.00 40.00
-38.50 125.00 91.00 40.00
-42.50 125.00 91.00 40.00
-42.50 125.00 91.00 40.00
-42.50 125.00 91.00 40.00
-42.50 125.00 91.00 40.00
-42.50 125.00 91.00 40.00
-38.50 125.00 91.00 40.00
-38.50 125.00 91.00 40.00
-34.50 121.00 91.00 40.00
-34.50 121.00 91.00 40.00
-30.50 121.00 91.00 40.00
-26.50 121.00 91.00 40.00
-26.50 117.00 91.00 40.00
-22.50 117.00 91.00 40.00
-18.50 117.00 91.00 40.00
-18.50 113.00 91.00 40.00
-14.50 113.00 91.00 40.00
-14.50 113.00 91.00 40.00
-10.50 113.00 91.00 40.00
-2.50 109.00 91.00 40.00
-2.50 109.00 91.00 40.00
5.50 109.00 91.00 40.00
9.50 105.00 91.00 40.00
13.50 105.00 91.00 40.00
21.50 105.00 91.00 40.00
25.50 105.00 91.00 40.00
29.50 105.00 91.00 40.00
37.50 105.00 91.00 40.00
41.50 105.00 91.00 40.00
45.50 105.00 91.00 40.00
49.50 105.00 91.00 40.00
53.50 105.00 91.00 40.00
53.50 105.00 91.00 40.00
53.50 109.00 91.00 40.00
57.50 109.00 91.00 40.00
57.50 109.00 91.00 40.00
57.50 113.00 91.00 40.00
57.50 113.00 91.00 40.00
57.50 117.00 91.00 40.00
57.50 117.00 91.00 40.00
57.50 117.00 91.00 40.00
57.50 117.00 91.00 40.00
57.50 121.00 91.00 40.00
57.50 121.00 91.00 40.00
57.50 121.00 91.00 40.00
57.50 121.00 91.00 40.00
57.50 121.00 91.00 40.00
57.50 125.00 91.00 40.00
57.50 125.00 91.00 40.00
57.50 125.00 91.00 40.00
57.50 125.00 91.00 40.00
57.50 125.00 91.00 40.00
57.50 129.00 91.00 40.00
57.50 129.00 91.00 40.00
57.50 129.00 91.00 40.00
57.50 129.00 91.00 40.00
57.50 129.00 91.00 40.00
57.50 133.00 91.00 40.00
57.50 133.00 91.00 40.00
57.50 133.00 91.00 40.00
53.50 133.00 91.00 40.00
57.50 137.00 91.00 40.00
57.50 137.00 91.00 40.00
61.50 137.00 91.00 40.00
61.50 141.00 91.00 40.00
65.50 141.00 91.00 40.00
65.50 141.00 91.00 40.00
69.50 141.00 91.00 40.00
69.50 141.00 91.00 40.00
73.50 145.00 91.00 40.00
77.50 145.00 91.00 40.00
81.50 145.00 91.00 40.00
85.50 145.00 91.00 40.00
89.50 149.00 91.00 40.00
93.50 149.00 91.00 40.00
97.50 149.00 91.00 40.00
101.50 149.00 91.00 40.00
105.50 153.00 91.00 40.00
109.50 153.00 91.00 40.00
113.50 153.00 91.00 40.00
117.50 153.00 91.00 40.00
121.50 153.00 91.00 40.00
125.50 157.00 91.00 40.00
129.50 157.00 91.00 40.00
133.50 157.00 91.00 40.00
137.50 157.00 91.00 40.00
141.50 157.00 91.00 40.00
145.50 161.00 91.00 40.00
149.50 161.00 91.00 40.00
153.50 161.00 91.00 40.00
157.50 161.00 91.00 40.00
161.50 161.00 91.00 40.00
165.50 165.00 91.00 40.00
173.50 165.00 91.00 40.00
173.50 165.00 91.00 40.00
177.50 165.00 91.00 40.00
181.50 165.00 91.00 40.00
185.50 165.00 91.00 40.00
189.50 169.00 91.00 40.00
193.50 169.00 91.00 40.00
197.50 169.00 91.00 40.00
201.50 169.00 91.00 40.00
201.50 169.00 91.00 40.00
205.50 173.00 91.00 40.00
205.50 173.00 91.00 40.00
205.50 173.00 91.00 40.00
205.50 173.00 91.00 40.00
209.50 173.00 91.00 40.00
209.50 173.00 91.00 40.00
209.50 177.00 91.00 40.00
213.50 177.00 91.00 40.00
213.50 177.00 91.00 40.00
209.50 177.00 91.00 40.00
209.50 181.00 91.00 40.00
209.50 181.00 91.00 40.00
209.50 181.00 91.00 40.00
209.50 181.00 91.00 40.00
205.50 185.00 91.00 40.00
205.50 185.00 91.00 40.00
205.50 185.00 91.00 40.00
205.50 189.00 91.00 40.00
201.50 189.00 91.00 40.00
201.50 189.00 91.00 40.00
201.50 189.00 91.00 40.00
201.50 193.00 91.00 40.00
197.50 193.00 91.00 40.00
197.50 193.00 91.00 40.00
197.50 197.00 91.00 40.00
197.50 197.00 91.00 40.00
197.50 197.00 91.00 40.00
193.50 197.00 91.00 40.00
193.50 197.00 91.00 40.00
189.50 193.00 91.00 40.00
189.50 197.00 91.00 40.00
189.50 193.00 91.00 40.00
189.50 193.00 91.00 40.00
189.50 193.00 91.00 40.00
185.50 193.00 91.00 40.00
185.50 189.00 91.00 40.00
185.50 189.00 91.00 40.00
185.50 189.00 91.00 40.00
181.50 185.00 91.00 40.00
181.50 185.00 91.00 40.00
181.50 185.00 91.00 40.00
177.50 181.00 91.00 40.00
177.50 181.00 91.00 40.00
177.50 181.00 91.00 40.00
177.50 177.00 91.00 40.00
173.50 177.00 91.00 40.00
173.50 177.00 91.00 40.00
173.50 173.00 91.00 40.00
169.50 173.00 91.00 40.00
169.50 173.00 91.00 40.00
169.50 169.00 91.00 40.00
169.50 169.00 91.00 40.00
165.50 169.00 91.00 40.00
165.50 169.00 91.00 40.00
161.50 169.00 91.00 40.00
161.50 165.00 91.00 40.00
161.50 165.00 91.00 40.00
157.50 165.00 91.00 40.00
157.50 165.00 91.00 40.00
157.50 161.00 91.00 40.00
153.50 161.00 91.00 40.00
153.50 161.00 91.00 40.00
149.50 161.00 91.00 40.00
149.50 157.00 91.00 40.00
149.50 157.00 91.00 40.00
145.50 157.00 91.00 40.00
145.50 157.00 91.00 40.00
145.50 153.00 91.00 40.00
145.50 153.00 91.00 40.00
141.50 153.00 91.00 40.00
141.50 149.00 91.00 40.00
137.50 149.00 91.00 40.00
137.50 149.00 91.00 40.00
137.50 149.00 91.00 40.00
133.50 145.00 91.00 40.00
133.50 149.00 91.00 40.00
129.50 145.00 91.00 40.00
129.50 145.00 91.00 40.00
125.50 145.00 91.00 40.00
125.50 145.00 91.00 40.00
125.50 145.00 91.00 40.00
121.50 145.00 91.00 40.00
121.50 145.00 91.00 40.00
121.50 145.00 91.00 40.00
117.50 145.00 91.00 40.00
117.50 141.00 91.00 40.00
117.50 141.00 91.00 40.00
117.50 141.00 91.00 40.00
113.50 141.00 91.00 40.00
113.50 141.00 91.00 40.00
109.50 141.00 91.00 40.00
109.50 141.00 91.00 40.00
105.50 141.00 91.00 40.00
105.50 141.00 91.00 40.00
101.50 141.00 91.00 40.00
101.50 141.00 91.00 40.00
101.50 141.00 91.00 40.00
97.50 141.00 91.00 40.00
93.50 141.00 91.00 40.00
93.50 141.00 91.00 40.00
93.50 141.00 91.00 40.00
93.50 141.00 91.00 40.00
93.50 141.00 91.00 40.00
97.50 141.00 91.00 40.00
97.50 141.00 91.00 40.00
101.50 137.00 91.00 40.00
105.50 137.00 91.00 40.00
109.50 137.00 91.00 40.00
113.50 137.00 91.00 40.00
117.50 137.00 91.00 40.00
121.50 133.00 91.00 40.00
125.50 133.00 91.00 40.00
129.50 133.00 91.00 40.00
133.50 129.00 91.00 40.00
133.50 129.00 91.00 40.00
137.50 129.00 91.00 40.00
141.50 129.00 91.00 40.00
145.50 129.00 91.00 40.00
149.50 125.00 91.00 40.00
149.50 125.00 91.00 40.00
157.50 125.00 91.00 40.00
157.50 125.00 91.00 40.00
161.50 125.00 91.00 40.00
165.50 125.00 91.00 40.00
165.50 121.00 91.00 40.00
173.50 121.00 91.00 40.00
173.50 121.00 91.00 40.00
177.50 121.00 91.00 40.00
177.50 121.00 91.00 40.00
177.50 121.00 91.00 40.00
177.50 121.00 91.00 40.00
177.50 121.00 91.00 40.00
181.50 121.00 91.00 40.00
181.50 121.00 91.00 40.00
177.50 121.00 91.00 40.00
177.50 125.00 91.00 40.00
173.50 125.00 91.00 40.00
173.50 125.00 91.00 40.00
169.50 129.00 91.00 40.00
165.50 129.00 91.00 40.00
165.50 133.00 91.00 40.00
161.50 133.00 91.00 40.00
161.50 137.00 91.00 40.00
157.50 137.00 91.00 40.00
157.50 141.00 91.00 40.00
149.50 145.00 91.00 40.00
149.50 145.00 91.00 40.00
145.50 145.00 91.00 40.00
145.50 149.00 91.00 40.00
141.50 149.00 91.00 40.00
141.50 149.00 91.00 40.00
137.50 149.00 91.00 40.00
137.50 145.00 91.00 40.00
133.50 145.00 91.00 40.00
133.50 145.00 91.00 40.00
129.50 145.00 91.00 40.00
129.50 141.00 91.00 40.00
125.50 141.00 91.00 40.00
125.50 141.00 91.00 40.00
121.50 137.00 91.00 40.00
121.50 137.00 91.00 40.00
117.50 137.00 91.00 40.00
117.50 133.00 91.00 40.00
113.50 133.00 91.00 40.00
109.50 129.00 91.00 40.00
109.50 129.00 91.00 40.00
109.50 129.00 91.00 40.00
105.50 129.00 91.00 40.00
105.50 129.00 91.00 40.00
105.50 129.00 91.00 40.00
105.50 129.00 91.00 40.00
105.50 129.00 91.00 40.00
109.50 129.00 91.00 40.00
109.50 129.00 91.00 40.00
109.50 129.00 91.00 40.00
109.50 129.00 91.00 40.00
113.50 129.00 91.00 40.00
117.50 129.00 91.00 40.00
117.50 129.00 91.00 40.00
121.50 129.00 91.00 40.00
125.50 129.00 91.00 40.00
129.50 129.00 91.00 40.00
133.50 125.00 91.00 40.00
133.50 125.00 91.00 40.00
137.50 125.00 91.00 40.00
141.50 125.00 91.00 40.00
145.50 121.00 91.00 40.00
145.50 117.00 91.00 40.00
149.50 117.00 91.00 40.00
149.50 113.00 91.00 40.00
153.50 109.00 91.00 40.00
153.50 109.00 91.00 40.00
153.50 109.00 91.00 40.00
157.50 105.00 91.00 40.00
157.50 105.00 91.00 40.00
157.50 105.00 91.00 40.00
157.50 109.00 91.00 40.00
157.50 109.00 91.00 40.00
157.50 109.00 91.00 40.00
161.50 109.00 91.00 40.00
161.50 113.00 91.00 40.00
161.50 113.00 91.00 40.00
161.50 113.00 91.00 40.00
161.50 113.00 91.00 40.00
161.50 113.00 91.00 40.00
161.50 117.00 91.00 40.00
165.50 117.00 91.00 40.00
165.50 117.00 91.00 40.00
165.50 117.00 91.00 40.00
165.50 117.00 91.00 40.00
165.50 121.00 91.00 40.00
165.50 121.00 91.00 40.00
165.50 121.00 91.00 40.00
165.50 121.00 91.00 40.00
169.50 121.00 91.00 40.00
169.50 121.00 91.00 40.00
169.50 121.00 91.00 40.00
169.50 121.00 91.00 40.00
169.50 125.00 91.00 40.00
169.50 125.00 91.00 40.00
169.50 125.00 91.00 40.00
169.50 125.00 91.00 40.00
169.50 125.00 91.00 40.00
169.50 125.00 91.00 40.00
173.50 125.00 91.00 40.00
173.50 125.00 91.00 40.00
173.50 125.00 91.00 40.00
173.50 125.00 91.00 40.00
173.50 125.00 91.00 40.00
173.50 125.00 91.00 40.00
169.50 125.00 91.00 40.00
169.50 125.00 91.00 40.00
169.50 125.00 91.00 40.00
165.50 125.00 91.00 40.00
161.50 125.00 91.00 40.00
161.50 129.00 91.00 40.00
157.50 129.00 91.00 40.00
153.50 129.00 91.00 40.00
153.50 129.00 91.00 40.00
153.50 129.00 91.00 40.00
149.50 129.00 91.00 40.00
149.50 129.00 91.00 40.00
145.50 129.00 91.00 40.00
145.50 129.00 91.00 40.00
141.50 129.00 91.00 40.00
141.50 129.00 91.00 40.00
137.50 129.00 91.00 40.00
133.50 129.00 91.00 40.00
133.50 129.00 91.00 40.00
129.50 129.00 91.00 40.00
125.50 129.00 91.00 40.00
125.50 129.00 91.00 40.00
121.50 129.00 91.00 40.00
121.50 129.00 91.00 40.00
117.50 129.00 91.00 40.00
113.50 129.00 91.00 40.00
113.50 129.00 91.00 40.00
109.50 129.00 91.00 40.00
109.50 129.00 91.00 40.00
105.50 129.00 91.00 40.00
101.50 129.00 91.00 40.00
101.50 129.00 91.00 40.00
97.50 133.00 91.00 40.00
93.50 129.00 91.00 40.00
93.50 133.00 91.00 40.00
89.50 133.00 91.00 40.00
89.50 129.00 91.00 40.00
85.50 133.00 91.00 40.00
81.50 133.00 91.00 40.00
77.50 133.00 91.00 40.00
77.50 133.00 91.00 40.00
73.50 133.00 91.00 40.00
69.50 133.00 91.00 40.00
69.50 133.00 91.00 40.00
65.50 133.00 91.00 40.00
65.50 133.00 91.00 40.00
61.50 133.00 91.00 40.00
57.50 133.00 91.00 40.00
53.50 133.00 91.00 40.00
53.50 133.00 91.00 40.00
49.50 133.00 91.00 40.00
49.50 133.00 91.00 40.00
45.50 133.00 91.00 40.00
41.50 133.00 91.00 40.00
41.50 133.00 91.00 40.00
37.50 133.00 91.00 40.00
37.50 133.00 91.00 40.00
33.50 133.00 91.00 40.00
33.50 133.00 91.00 40.00
29.50 133.00 91.00 40.00
29.50 133.00 91.00 40.00
25.50 133.00 91.00 40.00
25.50 133.00 91.00 40.00
21.50 133.00 91.00 40.00
21.50 129.00 91.00 40.00
17.50 129.00 91.00 40.00
17.50 129.00 91.00 40.00
13.50 129.00 91.00 40.00
13.50 129.00 91.00 40.00
9.50 129.00 91.00 40.00
9.50 125.00 91.00 40.00
9.50 125.00 91.00 40.00
9.50 121.00 91.00 40.00
9.50 121.00 91.00 40.00
9.50 121.00 91.00 40.00
13.50 117.00 91.00 40.00
13.50 117.00 91.00 40.00
13.50 113.00 91.00 40.00
13.50 113.00 91.00 40.00
17.50 113.00 91.00 40.00
17.50 109.00 91.00 40.00
17.50 109.00 91.00 40.00
17.50 109.00 91.00 40.00
17.50 109.00 91.00 40.00
17.50 109.00 91.00 40.00
17.50 109.00 91.00 40.00
17.50 105.00 91.00 40.00
17.50 109.00 91.00 40.00
17.50 109.00 91.00 40.00
21.50 109.00 91.00 40.00
21.50 109.00 91.00 40.00
21.50 109.00 91.00 40.00
21.50 113.00 91.00 40.00
21.50 113.00 91.00 40.00
25.50 113.00 91.00 40.00
25.50 113.00 91.00 40.00
25.50 113.00 91.00 40.00
25.50 117.00 91.00 40.00
25.50 117.00 91.00 40.00
29.50 121.00 91.00 40.00
29.50 121.00 91.00 40.00
29.50 121.00 91.00 40.00
29.50 121.00 91.00 40.00
29.50 125.00 91.00 40.00
33.50 125.00 91.00 40.00
33.50 125.00 91.00 40.00
37.50 129.00 91.00 40.00
37.50 129.00 91.00 40.00
37.50 129.00 91.00 40.00
37.50 129.00 91.00 40.00
37.50 133.00 91.00 40.00
37.50 133.00 91.00 40.00
41.50 133.00 91.00 40.00
41.50 137.00 91.00 40.00
41.50 137.00 91.00 40.00
45.50 137.00 91.00 40.00
45.50 137.00 91.00 40.00
49.50 141.00 91.00 40.00
49.50 141.00 91.00 40.00
49.50 141.00 91.00 40.00
49.50 141.00 91.00 40.00
53.50 145.00 91.00 40.00
53.50 145.00 91.00 40.00
53.50 145.00 91.00 40.00
53.50 145.00 91.00 40.00
57.50 149.00 91.00 40.00
57.50 149.00 91.00 40.00
57.50 149.00 91.00 40.00
61.50 149.00 91.00 40.00
61.50 153.00 91.00 40.00
61.50 153.00 91.00 40.00
61.50 153.00 91.00 40.00
61.50 153.00 91.00 40.00
65.50 157.00 91.00 40.00
65.50 157.00 91.00 40.00
65.50 157.00 91.00 40.00
69.50 161.00 91.00 40.00
69.50 161.00 91.00 40.00
69.50 161.00 91.00 40.00
69.50 161.00 91.00 40.00
73.50 161.00 91.00 40.00
73.50 165.00 91.00 40.00
77.50 165.00 91.00 40.00
81.50 165.00 91.00 40.00
81.50 165.00 91.00 40.00
81.50 169.00 91.00 40.00
81.50 169.00 91.00 40.00
85.50 169.00 91.00 40.00
77.50 173.00 91.00 40.00
85.50 169.00 91.00 40.00
85.50 173.00 91.00 40.00
85.50 173.00 91.00 40.00
89.50 173.00 91.00 40.00
89.50 173.00 91.00 40.00
89.50 173.00 91.00 40.00
93.50 173.00 91.00 40.00
93.50 173.00 91.00 40.00
93.50 173.00 91.00 40.00
93.50 173.00 91.00 40.00
93.50 173.00 91.00 40.00
97.50 173.00 91.00 40.00
97.50 173.00 91.00 40.00
97.50 173.00 91.00 40.00
97.50 169.00 91.00 40.00
101.50 169.00 91.00 40.00
101.50 169.00 91.00 40.00
105.50 169.00 91.00 40.00
105.50 165.00 91.00 40.00
109.50 165.00 91.00 40.00
109.50 165.00 91.00 40.00
113.50 165.00 91.00 40.00
113.50 165.00 91.00 40.00
113.50 165.00 91.00 40.00
113.50 161.00 91.00 40.00
117.50 161.00 91.00 40.00
121.50 161.00 91.00 40.00
121.50 161.00 91.00 40.00
121.50 157.00 91.00 40.00
125.50 157.00 91.00 40.00
121.50 157.00 91.00 40.00
125.50 153.00 91.00 40.00
125.50 153.00 91.00 40.00
125.50 153.00 91.00 40.00
129.50 153.00 91.00 40.00
129.50 153.00 91.00 40.00
133.50 149.00 91.00 40.00
133.50 149.00 91.00 40.00
133.50 149.00 91.00 40.00
133.50 149.00 91.00 40.00
129.50 149.00 91.00 40.00
129.50 145.00 91.00 40.00
121.50 145.00 91.00 40.00
117.50 145.00 91.00 40.00
117.50 145.00 91.00 40.00
113.50 145.00 91.00 40.00
109.50 145.00 91.00 40.00
105.50 145.00 91.00 40.00
101.50 145.00 91.00 40.00
97.50 145.00 91.00 40.00
93.50 145.00 91.00 40.00
89.50 145.00 91.00 40.00
85.50 145.00 91.00 40.00
85.50 141.00 91.00 40.00
85.50 141.00 91.00 40.00
85.50 141.00 91.00 40.00
81.50 141.00 91.00 40.00
81.50 141.00 91.00 40.00
81.50 137.00 91.00 40.00
81.50 137.00 91.00 40.00
77.50 137.00 91.00 40.00
73.50 137.00 91.00 40.00
73.50 137.00 91.00 40.00
73.50 137.00 91.00 40.00
69.50 133.00 91.00 40.00
69.50 133.00 91.00 40.00
69.50 133.00 91.00 40.00
65.50 133.00 91.00 40.00
65.50 133.00 91.00 40.00
61.50 133.00 91.00 40.00
61.50 133.00 91.00 40.00
61.50 133.00 91.00 40.00
57.50 129.00 91.00 40.00
57.50 129.00 91.00 40.00
57.50 129.00 91.00 40.00
57.50 129.00 91.00 40.00
57.50 129.00 91.00 40.00
49.50 129.00 91.00 40.00
53.50 129.00 91.00 40.00
49.50 129.00 91.00 40.00
49.50 129.00 91.00 40.00
45.50 129.00 91.00 40.00
45.50 129.00 91.00 40.00
45.50 125.00 91.00 40.00
41.50 125.00 91.00 40.00
41.50 125.00 91.00 40.00
37.50 125.00 91.00 40.00
37.50 125.00 91.00 40.00
37.50 125.00 91.00 40.00
37.50 125.00 91.00 40.00
41.50 125.00 91.00 40.00
41.50 125.00 91.00 40.00
49.50 125.00 91.00 40.00
53.50 125.00 91.00 40.00
57.50 125.00 91.00 40.00
61.50 121.00 91.00 40.00
61.50 121.00 91.00 40.00
69.50 121.00 91.00 40.00
73.50 121.00 91.00 40.00
77.50 121.00 91.00 40.00
77.50 121.00 91.00 40.00
85.50 121.00 91.00 40.00
89.50 121.00 91.00 40.00
93.50 117.00 91.00 40.00
97.50 117.00 91.00 40.00
97.50 117.00 91.00 40.00
97.50 117.00 91.00 40.00
101.50 117.00 91.00 40.00
101.50 113.00 91.00 40.00
105.50 117.00 91.00 40.00
105.50 117.00 91.00 40.00
109.50 117.00 91.00 40.00
109.50 117.00 91.00 40.00
113.50 117.00 91.00 40.00
113.50 117.00 91.00 40.00
117.50 117.00 91.00 40.00
117.50 117.00 91.00 40.00
121.50 113.00 91.00 40.00
125.50 117.00 91.00 40.00
125.50 117.00 91.00 40.00
129.50 117.00 91.00 40.00
129.50 117.00 91.00 40.00
129.50 117.00 91.00 40.00
133.50 117.00 91.00 40.00
133.50 117.00 91.00 40.00
137.50 117.00 91.00 40.00
137.50 117.00 91.00 40.00
141.50 113.00 91.00 40.00
145.50 113.00 91.00 40.00
145.50 113.00 91.00 40.00
145.50 113.00 91.00 40.00
141.50 113.00 91.00 40.00
137.50 113.00 91.00 40.00
129.50 113.00 91.00 40.00
121.50 113.00 91.00 40.00
117.50 113.00 91.00 40.00
109.50 113.00 91.00 40.00
105.50 113.00 91.00 40.00
101.50 113.00 91.00 40.00
93.50 113.00 91.00 40.00
89.50 113.00 91.00 40.00
89.50 113.00 91.00 40.00
93.50 113.00 91.00 40.00
101.50 109.00 91.00 40.00
113.50 109.00 91.00 40.00
129.50 109.00 91.00 40.00
141.50 109.00 91.00 40.00
157.50 105.00 91.00 40.00
173.50 105.00 91.00 40.00
185.50 105.00 91.00 40.00
193.50 105.00 91.00 40.00
197.50 105.00 91.00 40.00
201.50 105.00 91.00 40.00
205.50 105.00 91.00 40.00
209.50 101.00 91.00 40.00
209.50 101.00 91.00 40.00
213.50 101.00 91.00 40.00
213.50 101.00 91.00 40.00
213.50 101.00 91.00 40.00
209.50 101.00 91.00 40.00
209.50 101.00 91.00 40.00
205.50 101.00 91.00 40.00
209.50 101.00 91.00 40.00
213.50 101.00 91.00 40.00
225.50 101.00 91.00 40.00
209.50 101.00 91.00 40.00
209.50 101.00 91.00 40.00
205.50 101.00 91.00 40.00
205.50 101.00 91.00 40.00
205.50 101.00 91.00 40.00
205.50 101.00 91.00 40.00
205.50 101.00 91.00 40.00
205.50 101.00 91.00 40.00
205.50 101.00 91.00 40.00
201.50 101.00 91.00 40.00
201.50 101.00 91.00 40.00
201.50 101.00 91.00 40.00
201.50 101.00 91.00 40.00
201.50 101.00 91.00 40.00
201.50 101.00 91.00 40.00
201.50 101.00 91.00 40.00
201.50 101.00 91.00 40.00
201.50 101.00 91.00 40.00
201.50 101.00 91.00 40.00
197.50 101.00 91.00 40.00
197.50 101.00 91.00 40.00
197.50 101.00 91.00 40.00
197.50 101.00 91.00 40.00
197.50 97.00 91.00 40.00
197.50 97.00 91.00 40.00
197.50 97.00 91.00 40.00
197.50 97.00 91.00 40.00
197.50 97.00 91.00 40.00
197.50 97.00 91.00 40.00
193.50 97.00 91.00 40.00
189.50 97.00 91.00 40.00
185.50 97.00 91.00 40.00
185.50 97.00 91.00 40.00
181.50 97.00 91.00 40.00
177.50 101.00 91.00 40.00
173.50 101.00 91.00 40.00
169.50 101.00 91.00 40.00
165.50 101.00 91.00 40.00
165.50 101.00 91.00 40.00
161.50 101.00 91.00 40.00
153.50 101.00 91.00 40.00
149.50 105.00 91.00 40.00
141.50 105.00 91.00 40.00
133.50 105.00 91.00 40.00
129.50 105.00 91.00 40.00
121.50 109.00 91.00 40.00
117.50 109.00 91.00 40.00
109.50 109.00 91.00 40.00
101.50 109.00 91.00 40.00
97.50 109.00 91.00 40.00
85.50 113.00 91.00 40.00
81.50 113.00 91.00 40.00
77.50 113.00 91.00 40.00
73.50 113.00 91.00 40.00
73.50 117.00 91.00 40.00
73.50 117.00 91.00 40.00
77.50 117.00 91.00 40.00
77.50 117.00 91.00 40.00
77.50 117.00 91.00 40.00
81.50 117.00 91.00 40.00
81.50 117.00 91.00 40.00
85.50 117.00 91.00 40.00
85.50 117.00 91.00 40.00
85.50 117.00 91.00 40.00
89.50 117.00 91.00 40.00
93.50 117.00 91.00 40.00
93.50 117.00 91.00 40.00
93.50 117.00 91.00 40.00
97.50 117.00 91.00 40.00
97.50 117.00 91.00 40.00
101.50 117.00 91.00 40.00
101.50 121.00 91.00 40.00
101.50 121.00 91.00 40.00
105.50 121.00 91.00 40.00
105.50 121.00 91.00 40.00
109.50 121.00 91.00 40.00
109.50 121.00 91.00 40.00
113.50 121.00 91.00 40.00
113.50 121.00 91.00 40.00
117.50 125.00 91.00 40.00
117.50 125.00 91.00 40.00
121.50 125.00 91.00 40.00
121.50 125.00 91.00 40.00
125.50 125.00 91.00 40.00
129.50 125.00 91.00 40.00
129.50 125.00 91.00 40.00
133.50 125.00 91.00 40.00
137.50 125.00 91.00 40.00
137.50 125.00 91.00 40.00
141.50 125.00 91.00 40.00
141.50 125.00 91.00 40.00
145.50 125.00 91.00 40.00
149.50 125.00 91.00 40.00
145.50 121.00 91.00 40.00
145.50 121.00 91.00 40.00
141.50 125.00 91.00 40.00
141.50 125.00 91.00 40.00
137.50 121.00 91.00 40.00
141.50 121.00 91.00 40.00
129.50 121.00 91.00 40.00
129.50 121.00 91.00 40.00
125.50 121.00 91.00 40.00
121.50 121.00 91.00 40.00
121.50 121.00 91.00 40.00
117.50 121.00 91.00 40.00
117.50 121.00 91.00 40.00
113.50 121.00 91.00 40.00
109.50 117.00 91.00 40.00
109.50 117.00 91.00 40.00
105.50 117.00 91.00 40.00
101.50 117.00 91.00 40.00
97.50 117.00 91.00 40.00
93.50 117.00 91.00 40.00
93.50 117.00 91.00 40.00
89.50 117.00 91.00 40.00
85.50 117.00 91.00 40.00
85.50 117.00 91.00 40.00
81.50 117.00 91.00 40.00
77.50 117.00 91.00 40.00
77.50 117.00 91.00 40.00
77.50 117.00 91.00 40.00
77.50 117.00 91.00 40.00
77.50 117.00 91.00 40.00
77.50 117.00 91.00 40.00
77.50 117.00 91.00 40.00
77.50 117.00 91.00 40.00
77.50 117.00 91.00 40.00
73.50 117.00 91.00 40.00
73.50 117.00 91.00 40.00
73.50 117.00 91.00 40.00
73.50 117.00 91.00 40.00
73.50 117.00 91.00 40.00
73.50 117.00 91.00 40.00
73.50 117.00 91.00 40.00
73.50 117.00 91.00 40.00
69.50 117.00 91.00 40.00
65.50 117.00 91.00 40.00
61.50 117.00 91.00 40.00
57.50 117.00 91.00 40.00
57.50 117.00 91.00 40.00
57.50 117.00 91.00 40.00
53.50 117.00 91.00 40.00
49.50 117.00 91.00 40.00
45.50 117.00 91.00 40.00
41.50 117.00 91.00 40.00
41.50 117.00 91.00 40.00
41.50 117.00 91.00 40.00
41.50 117.00 91.00 40.00
41.50 117.00 91.00 40.00
41.50 117.00 91.00 40.00
41.50 117.00 91.00 40.00
41.50 117.00 91.00 40.00
41.50 117.00 91.00 40.00
41.50 117.00 91.00 40.00
41.50 117.00 91.00 40.00
41.50 117.00 91.00 40.00
41.50 117.00 91.00 40.00
41.50 117.00 91.00 40.00
41.50 117.00 91.00 40.00
41.50 117.00 91.00 40.00
41.50 117.00 91.00 40.00
41.50 117.00 91.00 40.00
41.50 117.00 91.00 40.00
41.50 117.00 91.00 40.00
41.50 117.00 91.00 40.00
41.50 117.00 91.00 40.00
41.50 117.00 91.00 40.00
41.50 117.00 91.00 40.00
41.50 117.00 91.00 40.00
37.50 117.00 91.00 40.00
41.50 117.00 91.00 40.00
37.50 117.00 91.00 40.00
41.50 117.00 91.00 40.00
37.50 117.00 91.00 40.00
37.50 117.00 91.00 40.00
37.50 117.00 91.00 40.00
33.50 117.00 91.00 40.00
37.50 117.00 91.00 40.00
33.50 117.00 91.00 40.00
37.50 117.00 91.00 40.00
33.50 117.00 91.00 40.00
33.50 117.00 91.00 40.00
33.50 117.00 91.00 40.00
29.50 117.00 91.00 40.00
29.50 117.00 91.00 40.00
29.50 117.00 91.00 40.00
29.50 117.00 91.00 40.00
29.50 117.00 91.00 40.00
29.50 121.00 91.00 40.00
25.50 117.00 91.00 40.00
29.50 117.00 91.00 40.00
25.50 121.00 91.00 40.00
29.50 117.00 91.00 40.00
29.50 121.00 91.00 40.00
29.50 121.00 91.00 40.00
33.50 121.00 91.00 40.00
33.50 121.00 91.00 40.00
33.50 121.00 91.00 40.00
37.50 121.00 91.00 40.00
37.50 121.00 91.00 40.00
41.50 121.00 91.00 40.00
41.50 121.00 91.00 40.00
45.50 121.00 91.00 40.00
45.50 121.00 91.00 40.00
49.50 121.00 91.00 40.00
49.50 121.00 91.00 40.00
53.50 121.00 91.00 40.00
53.50 121.00 91.00 40.00
53.50 121.00 91.00 40.00
57.50 121.00 91.00 40.00
57.50 121.00 91.00 40.00
57.50 121.00 91.00 40.00
61.50 121.00 91.00 40.00
61.50 121.00 91.00 40.00
61.50 121.00 91.00 40.00
65.50 121.00 91.00 40.00
65.50 121.00 91.00 40.00
69.50 121.00 91.00 40.00
69.50 121.00 91.00 40.00
73.50 121.00 91.00 40.00
73.50 121.00 91.00 40.00
77.50 121.00 91.00 40.00
73.50 121.00 91.00 40.00
77.50 121.00 91.00 40.00
77.50 121.00 91.00 40.00
77.50 121.00 91.00 40.00
81.50 121.00 91.00 40.00
81.50 121.00 91.00 40.00
85.50 121.00 91.00 40.00
85.50 121.00 91.00 40.00
85.50 121.00 91.00 40.00
89.50 121.00 91.00 40.00
89.50 121.00 91.00 40.00
89.50 121.00 91.00 40.00
89.50 125.00 91.00 40.00
93.50 125.00 91.00 40.00
93.50 125.00 91.00 40.00
97.50 125.00 91.00 40.00
97.50 125.00 91.00 40.00
97.50 125.00 91.00 40.00
101.50 125.00 91.00 40.00
101.50 125.00 91.00 40.00
101.50 125.00 91.00 40.00
101.50 125.00 91.00 40.00
105.50 125.00 91.00 40.00
105.50 125.00 91.00 40.00
109.50 125.00 91.00 40.00
109.50 125.00 91.00 40.00
109.50 129.00 91.00 40.00
113.50 129.00 91.00 40.00
113.50 129.00 91.00 40.00
113.50 129.00 91.00 40.00
117.50 129.00 91.00 40.00
117.50 129.00 91.00 40.00
117.50 129.00 91.00 40.00
121.50 129.00 91.00 40.00
121.50 129.00 91.00 40.00
121.50 129.00 91.00 40.00
125.50 133.00 91.00 40.00
125.50 133.00 91.00 40.00
129.50 133.00 91.00 40.00
129.50 133.00 91.00 40.00
