69.50 50.50 107.00 87.00
69.50 50.50 107.00 87.00
69.50 50.50 107.00 87.00
69.50 50.50 107.00 87.00
65.50 50.50 107.00 87.00
65.50 50.50 107.00 87.00
65.50 50.50 107.00 87.00
65.50 50.50 107.00 87.00
65.50 50.50 107.00 87.00
65.50 50.50 107.00 87.00
65.50 50.50 107.00 87.00
65.50 50.50 107.00 87.00
65.50 50.50 107.00 87.00
65.50 50.50 107.00 87.00
61.50 50.50 107.00 87.00
61.50 50.50 107.00 87.00
61.50 50.50 107.00 87.00
61.50 50.50 107.00 87.00
61.50 50.50 107.00 87.00
61.50 50.50 107.00 87.00
61.50 50.50 107.00 87.00
61.50 50.50 107.00 87.00
61.50 50.50 107.00 87.00
61.50 50.50 107.00 87.00
57.50 50.50 107.00 87.00
57.50 50.50 107.00 87.00
57.50 50.50 107.00 87.00
57.50 50.50 107.00 87.00
57.50 50.50 107.00 87.00
57.50 50.50 107.00 87.00
57.50 50.50 107.00 87.00
57.50 50.50 107.00 87.00
57.50 50.50 107.00 87.00
57.50 50.50 107.00 87.00
57.50 46.50 107.00 87.00
57.50 50.50 107.00 87.00
57.50 50.50 107.00 87.00
57.50 50.50 107.00 87.00
57.50 50.50 107.00 87.00
57.50 50.50 107.00 87.00
57.50 50.50 107.00 87.00
57.50 50.50 107.00 87.00
57.50 50.50 107.00 87.00
57.50 50.50 107.00 87.00
57.50 50.50 107.00 87.00
57.50 50.50 107.00 87.00
57.50 50.50 107.00 87.00
61.50 50.50 107.00 87.00
61.50 50.50 107.00 87.00
61.50 50.50 107.00 87.00
61.50 50.50 107.00 87.00
61.50 50.50 107.00 87.00
61.50 50.50 107.00 87.00
61.50 50.50 107.00 87.00
61.50 50.50 107.00 87.00
61.50 54.50 107.00 87.00
61.50 54.50 107.00 87.00
61.50 54.50 107.00 87.00
61.50 54.50 107.00 87.00
61.50 54.50 107.00 87.00
61.50 54.50 107.00 87.00
61.50 54.50 107.00 87.00
61.50 54.50 107.00 87.00
61.50 54.50 107.00 87.00
61.50 50.50 107.00 87.00
61.50 54.50 107.00 87.00
61.50 50.50 107.00 87.00
61.50 50.50 107.00 87.00
61.50 50.50 107.00 87.00
61.50 50.50 107.00 87.00
61.50 50.50 107.00 87.00
61.50 50.50 107.00 87.00
61.50 50.50 107.00 87.00
61.50 50.50 107.00 87.00
61.50 46.50 107.00 87.00
61.50 46.50 107.00 87.00
61.50 50.50 107.00 87.00
61.50 50.50 107.00 87.00
61.50 50.50 107.00 87.00
61.50 50.50 107.00 87.00
61.50 50.50 107.00 87.00
61.50 50.50 107.00 87.00
61.50 50.50 107.00 87.00
61.50 50.50 107.00 87.00
61.50 50.50 107.00 87.00
61.50 50.50 107.00 87.00
61.50 50.50 107.00 87.00
61.50 50.50 107.00 87.00
61.50 50.50 107.00 87.00
61.50 50.50 107.00 87.00
61.50 54.50 107.00 87.00
61.50 54.50 107.00 87.00
61.50 50.50 107.00 87.00
61.50 50.50 107.00 87.00
61.50 50.50 107.00 87.00
61.50 50.50 107.00 87.00
61.50 50.50 107.00 87.00
61.50 50.50 107.00 87.00
61.50 50.50 107.00 87.00
61.50 50.50 107.00 87.00
61.50 50.50 107.00 87.00
61.50 50.50 107.00 87.00
61.50 50.50 107.00 87.00
61.50 50.50 107.00 87.00
65.50 50.50 107.00 87.00
65.50 50.50 107.00 87.00
65.50 50.50 107.00 87.00
65.50 50.50 107.00 87.00
65.50 46.50 107.00 87.00
65.50 50.50 107.00 87.00
65.50 50.50 107.00 87.00
65.50 50.50 107.00 87.00
65.50 50.50 107.00 87.00
65.50 50.50 107.00 87.00
65.50 50.50 107.00 87.00
65.50 50.50 107.00 87.00
65.50 50.50 107.00 87.00
65.50 50.50 107.00 87.00
69.50 50.50 107.00 87.00
69.50 54.50 107.00 87.00
69.50 54.50 107.00 87.00
69.50 54.50 107.00 87.00
69.50 54.50 107.00 87.00
69.50 54.50 107.00 87.00
69.50 54.50 107.00 87.00
69.50 54.50 107.00 87.00
69.50 54.50 107.00 87.00
69.50 54.50 107.00 87.00
69.50 54.50 107.00 87.00
73.50 58.50 107.00 87.00
73.50 58.50 107.00 87.00
73.50 58.50 107.00 87.00
73.50 54.50 107.00 87.00
73.50 54.50 107.00 87.00
73.50 54.50 107.00 87.00
73.50 54.50 107.00 87.00
73.50 54.50 107.00 87.00
77.50 54.50 107.00 87.00
77.50 50.50 107.00 87.00
77.50 50.50 107.00 87.00
77.50 50.50 107.00 87.00
77.50 50.50 107.00 87.00
77.50 46.50 107.00 87.00
77.50 46.50 107.00 87.00
77.50 46.50 107.00 87.00
81.50 46.50 107.00 87.00
81.50 46.50 107.00 87.00
81.50 46.50 107.00 87.00
81.50 46.50 107.00 87.00
81.50 46.50 107.00 87.00
81.50 46.50 107.00 87.00
81.50 46.50 107.00 87.00
81.50 46.50 107.00 87.00
85.50 46.50 107.00 87.00
85.50 46.50 107.00 87.00
85.50 46.50 107.00 87.00
85.50 46.50 107.00 87.00
85.50 50.50 107.00 87.00
85.50 50.50 107.00 87.00
85.50 50.50 107.00 87.00
85.50 50.50 107.00 87.00
89.50 50.50 107.00 87.00
89.50 50.50 107.00 87.00
89.50 50.50 107.00 87.00
89.50 50.50 107.00 87.00
89.50 50.50 107.00 87.00
89.50 50.50 107.00 87.00
93.50 50.50 107.00 87.00
89.50 50.50 107.00 87.00
93.50 50.50 107.00 87.00
93.50 50.50 107.00 87.00
93.50 50.50 107.00 87.00
93.50 50.50 107.00 87.00
93.50 50.50 107.00 87.00
93.50 54.50 107.00 87.00
93.50 54.50 107.00 87.00
93.50 50.50 107.00 87.00
93.50 50.50 107.00 87.00
97.50 50.50 107.00 87.00
97.50 50.50 107.00 87.00
97.50 50.50 107.00 87.00
97.50 50.50 107.00 87.00
97.50 46.50 107.00 87.00
97.50 46.50 107.00 87.00
101.50 46.50 107.00 87.00
101.50 50.50 107.00 87.00
101.50 46.50 107.00 87.00
101.50 46.50 107.00 87.00
101.50 46.50 107.00 87.00
101.50 46.50 107.00 87.00
105.50 46.50 107.00 87.00
105.50 46.50 107.00 87.00
105.50 46.50 107.00 87.00
105.50 46.50 107.00 87.00
105.50 46.50 107.00 87.00
105.50 46.50 107.00 87.00
105.50 46.50 107.00 87.00
105.50 46.50 107.00 87.00
109.50 46.50 107.00 87.00
109.50 46.50 107.00 87.00
109.50 46.50 107.00 87.00
109.50 46.50 107.00 87.00
109.50 46.50 107.00 87.00
113.50 46.50 107.00 87.00
113.50 46.50 107.00 87.00
113.50 46.50 107.00 87.00
113.50 46.50 107.00 87.00
113.50 46.50 107.00 87.00
113.50 50.50 107.00 87.00
117.50 50.50 107.00 87.00
117.50 50.50 107.00 87.00
117.50 50.50 107.00 87.00
117.50 50.50 107.00 87.00
117.50 50.50 107.00 87.00
117.50 50.50 107.00 87.00
117.50 50.50 107.00 87.00
121.50 50.50 107.00 87.00
121.50 50.50 107.00 87.00
121.50 50.50 107.00 87.00
121.50 50.50 107.00 87.00
125.50 50.50 107.00 87.00
125.50 50.50 107.00 87.00
125.50 50.50 107.00 87.00
125.50 50.50 107.00 87.00
125.50 50.50 107.00 87.00
125.50 50.50 107.00 87.00
129.50 50.50 107.00 87.00
129.50 50.50 107.00 87.00
129.50 50.50 107.00 87.00
129.50 50.50 107.00 87.00
129.50 50.50 107.00 87.00
133.50 50.50 107.00 87.00
133.50 50.50 107.00 87.00
133.50 50.50 107.00 87.00
133.50 50.50 107.00 87.00
133.50 50.50 107.00 87.00
133.50 50.50 107.00 87.00
133.50 50.50 107.00 87.00
133.50 50.50 107.00 87.00
137.50 50.50 107.00 87.00
137.50 50.50 107.00 87.00
137.50 50.50 107.00 87.00
137.50 50.50 107.00 87.00
137.50 50.50 107.00 87.00
137.50 50.50 107.00 87.00
137.50 50.50 107.00 87.00
141.50 50.50 107.00 87.00
141.50 50.50 107.00 87.00
141.50 50.50 107.00 87.00
141.50 50.50 107.00 87.00
141.50 50.50 107.00 87.00
141.50 50.50 107.00 87.00
145.50 50.50 107.00 87.00
145.50 46.50 107.00 87.00
145.50 46.50 107.00 87.00
145.50 46.50 107.00 87.00
145.50 46.50 107.00 87.00
145.50 46.50 107.00 87.00
145.50 46.50 107.00 87.00
149.50 46.50 107.00 87.00
149.50 46.50 107.00 87.00
149.50 46.50 107.00 87.00
149.50 46.50 107.00 87.00
149.50 46.50 107.00 87.00
149.50 46.50 107.00 87.00
149.50 46.50 107.00 87.00
153.50 46.50 107.00 87.00
153.50 46.50 107.00 87.00
153.50 46.50 107.00 87.00
153.50 50.50 107.00 87.00
153.50 50.50 107.00 87.00
153.50 50.50 107.00 87.00
153.50 54.50 107.00 87.00
157.50 50.50 107.00 87.00
157.50 50.50 107.00 87.00
157.50 50.50 107.00 87.00
157.50 50.50 107.00 87.00
157.50 46.50 107.00 87.00
157.50 46.50 107.00 87.00
161.50 46.50 107.00 87.00
161.50 46.50 107.00 87.00
161.50 46.50 107.00 87.00
161.50 46.50 107.00 87.00
161.50 46.50 107.00 87.00
161.50 50.50 107.00 87.00
161.50 50.50 107.00 87.00
161.50 50.50 107.00 87.00
161.50 50.50 107.00 87.00
161.50 50.50 107.00 87.00
161.50 50.50 107.00 87.00
161.50 46.50 107.00 87.00
161.50 46.50 107.00 87.00
161.50 46.50 107.00 87.00
161.50 46.50 107.00 87.00
161.50 46.50 107.00 87.00
161.50 46.50 107.00 87.00
161.50 50.50 107.00 87.00
161.50 50.50 107.00 87.00
161.50 50.50 107.00 87.00
165.50 50.50 107.00 87.00
165.50 50.50 107.00 87.00
165.50 50.50 107.00 87.00
165.50 50.50 107.00 87.00
165.50 50.50 107.00 87.00
165.50 50.50 107.00 87.00
165.50 50.50 107.00 87.00
165.50 50.50 107.00 87.00
165.50 50.50 107.00 87.00
169.50 50.50 107.00 87.00
169.50 50.50 107.00 87.00
169.50 50.50 107.00 87.00
169.50 50.50 107.00 87.00
169.50 50.50 107.00 87.00
169.50 54.50 107.00 87.00
169.50 54.50 107.00 87.00
169.50 54.50 107.00 87.00
169.50 54.50 107.00 87.00
173.50 54.50 107.00 87.00
173.50 50.50 107.00 87.00
173.50 50.50 107.00 87.00
173.50 50.50 107.00 87.00
173.50 50.50 107.00 87.00
173.50 50.50 107.00 87.00
173.50 50.50 107.00 87.00
173.50 50.50 107.00 87.00
173.50 50.50 107.00 87.00
173.50 50.50 107.00 87.00
177.50 50.50 107.00 87.00
177.50 50.50 107.00 87.00
177.50 50.50 107.00 87.00
177.50 50.50 107.00 87.00
177.50 50.50 107.00 87.00
177.50 50.50 107.00 87.00
177.50 50.50 107.00 87.00
177.50 50.50 107.00 87.00
177.50 50.50 107.00 87.00
177.50 50.50 107.00 87.00
181.50 50.50 107.00 87.00
181.50 50.50 107.00 87.00
181.50 50.50 107.00 87.00
181.50 50.50 107.00 87.00
181.50 50.50 107.00 87.00
181.50 50.50 107.00 87.00
181.50 50.50 107.00 87.00
181.50 50.50 107.00 87.00
181.50 46.50 107.00 87.00
181.50 46.50 107.00 87.00
181.50 50.50 107.00 87.00
181.50 54.50 107.00 87.00
181.50 58.50 107.00 87.00
181.50 58.50 107.00 87.00
185.50 58.50 107.00 87.00
185.50 58.50 107.00 87.00
185.50 54.50 107.00 87.00
185.50 54.50 107.00 87.00
185.50 50.50 107.00 87.00
185.50 42.50 107.00 87.00
185.50 42.50 107.00 87.00
185.50 38.50 107.00 87.00
189.50 38.50 107.00 87.00
189.50 38.50 107.00 87.00
189.50 42.50 107.00 87.00
189.50 42.50 107.00 87.00
189.50 46.50 107.00 87.00
189.50 50.50 107.00 87.00
189.50 50.50 107.00 87.00
189.50 50.50 107.00 87.00
189.50 50.50 107.00 87.00
189.50 50.50 107.00 87.00
189.50 50.50 107.00 87.00
189.50 50.50 107.00 87.00
189.50 50.50 107.00 87.00
189.50 50.50 107.00 87.00
189.50 50.50 107.00 87.00
193.50 50.50 107.00 87.00
193.50 50.50 107.00 87.00
193.50 50.50 107.00 87.00
193.50 46.50 107.00 87.00
193.50 46.50 107.00 87.00
193.50 46.50 107.00 87.00
193.50 46.50 107.00 87.00
193.50 50.50 107.00 87.00
193.50 50.50 107.00 87.00
193.50 50.50 107.00 87.00
193.50 50.50 107.00 87.00
193.50 54.50 107.00 87.00
193.50 54.50 107.00 87.00
193.50 54.50 107.00 87.00
193.50 54.50 107.00 87.00
193.50 58.50 107.00 87.00
193.50 54.50 107.00 87.00
193.50 54.50 107.00 87.00
193.50 54.50 107.00 87.00
193.50 50.50 107.00 87.00
193.50 50.50 107.00 87.00
193.50 50.50 107.00 87.00
193.50 50.50 107.00 87.00
193.50 54.50 107.00 87.00
193.50 54.50 107.00 87.00
193.50 54.50 107.00 87.00
193.50 54.50 107.00 87.00
193.50 54.50 107.00 87.00
193.50 54.50 107.00 87.00
193.50 50.50 107.00 87.00
193.50 50.50 107.00 87.00
193.50 50.50 107.00 87.00
193.50 46.50 107.00 87.00
193.50 46.50 107.00 87.00
193.50 46.50 107.00 87.00
193.50 46.50 107.00 87.00
193.50 46.50 107.00 87.00
193.50 46.50 107.00 87.00
193.50 46.50 107.00 87.00
193.50 46.50 107.00 87.00
193.50 50.50 107.00 87.00
193.50 50.50 107.00 87.00
189.50 50.50 107.00 87.00
189.50 50.50 107.00 87.00
189.50 50.50 107.00 87.00
189.50 46.50 107.00 87.00
189.50 46.50 107.00 87.00
189.50 46.50 107.00 87.00
189.50 46.50 107.00 87.00
189.50 50.50 107.00 87.00
189.50 50.50 107.00 87.00
189.50 50.50 107.00 87.00
189.50 50.50 107.00 87.00
189.50 50.50 107.00 87.00
189.50 50.50 107.00 87.00
185.50 50.50 107.00 87.00
185.50 50.50 107.00 87.00
185.50 50.50 107.00 87.00
185.50 50.50 107.00 87.00
185.50 50.50 107.00 87.00
185.50 50.50 107.00 87.00
185.50 50.50 107.00 87.00
185.50 50.50 107.00 87.00
185.50 50.50 107.00 87.00
185.50 50.50 107.00 87.00
181.50 50.50 107.00 87.00
181.50 50.50 107.00 87.00
181.50 50.50 107.00 87.00
181.50 50.50 107.00 87.00
181.50 50.50 107.00 87.00
181.50 50.50 107.00 87.00
181.50 50.50 107.00 87.00
181.50 50.50 107.00 87.00
181.50 50.50 107.00 87.00
177.50 50.50 107.00 87.00
177.50 50.50 107.00 87.00
177.50 50.50 107.00 87.00
177.50 50.50 107.00 87.00
177.50 50.50 107.00 87.00
177.50 50.50 107.00 87.00
177.50 50.50 107.00 87.00
177.50 50.50 107.00 87.00
177.50 50.50 107.00 87.00
177.50 50.50 107.00 87.00
177.50 50.50 107.00 87.00
177.50 50.50 107.00 87.00
177.50 50.50 107.00 87.00
173.50 50.50 107.00 87.00
173.50 50.50 107.00 87.00
173.50 50.50 107.00 87.00
173.50 50.50 107.00 87.00
173.50 50.50 107.00 87.00
173.50 50.50 107.00 87.00
173.50 50.50 107.00 87.00
173.50 50.50 107.00 87.00
173.50 50.50 107.00 87.00
173.50 50.50 107.00 87.00
173.50 50.50 107.00 87.00
173.50 50.50 107.00 87.00
173.50 50.50 107.00 87.00
173.50 50.50 107.00 87.00
173.50 50.50 107.00 87.00
173.50 50.50 107.00 87.00
173.50 50.50 107.00 87.00
173.50 50.50 107.00 87.00
173.50 50.50 107.00 87.00
173.50 50.50 107.00 87.00
173.50 50.50 107.00 87.00
173.50 50.50 107.00 87.00
173.50 50.50 107.00 87.00
173.50 50.50 107.00 87.00
173.50 50.50 107.00 87.00
169.50 50.50 107.00 87.00
169.50 50.50 107.00 87.00
169.50 50.50 107.00 87.00
169.50 50.50 107.00 87.00
169.50 50.50 107.00 87.00
169.50 50.50 107.00 87.00
169.50 50.50 107.00 87.00
169.50 50.50 107.00 87.00
169.50 50.50 107.00 87.00
169.50 50.50 107.00 87.00
169.50 50.50 107.00 87.00
169.50 50.50 107.00 87.00
169.50 50.50 107.00 87.00
169.50 50.50 107.00 87.00
169.50 50.50 107.00 87.00
169.50 50.50 107.00 87.00
169.50 50.50 107.00 87.00
169.50 50.50 107.00 87.00
169.50 50.50 107.00 87.00
169.50 50.50 107.00 87.00
165.50 50.50 107.00 87.00
169.50 50.50 107.00 87.00
169.50 46.50 107.00 87.00
165.50 46.50 107.00 87.00
165.50 46.50 107.00 87.00
165.50 46.50 107.00 87.00
165.50 46.50 107.00 87.00
165.50 46.50 107.00 87.00
165.50 46.50 107.00 87.00
165.50 46.50 107.00 87.00
165.50 46.50 107.00 87.00
165.50 46.50 107.00 87.00
165.50 46.50 107.00 87.00
165.50 46.50 107.00 87.00
165.50 50.50 107.00 87.00
165.50 46.50 107.00 87.00
165.50 50.50 107.00 87.00
165.50 50.50 107.00 87.00
165.50 46.50 107.00 87.00
165.50 46.50 107.00 87.00
165.50 46.50 107.00 87.00
165.50 50.50 107.00 87.00
165.50 50.50 107.00 87.00
165.50 50.50 107.00 87.00
165.50 50.50 107.00 87.00
165.50 50.50 107.00 87.00
165.50 50.50 107.00 87.00
165.50 50.50 107.00 87.00
165.50 50.50 107.00 87.00
165.50 50.50 107.00 87.00
165.50 50.50 107.00 87.00
169.50 50.50 107.00 87.00
169.50 50.50 107.00 87.00
169.50 50.50 107.00 87.00
169.50 50.50 107.00 87.00
169.50 50.50 107.00 87.00
169.50 50.50 107.00 87.00
169.50 50.50 107.00 87.00
169.50 50.50 107.00 87.00
169.50 50.50 107.00 87.00
169.50 50.50 107.00 87.00
169.50 50.50 107.00 87.00
169.50 50.50 107.00 87.00
169.50 50.50 107.00 87.00
169.50 50.50 107.00 87.00
169.50 50.50 107.00 87.00
169.50 50.50 107.00 87.00
173.50 50.50 107.00 87.00
173.50 50.50 107.00 87.00
173.50 50.50 107.00 87.00
173.50 50.50 107.00 87.00
173.50 50.50 107.00 87.00
173.50 50.50 107.00 87.00
173.50 50.50 107.00 87.00
173.50 50.50 107.00 87.00
173.50 50.50 107.00 87.00
173.50 50.50 107.00 87.00
173.50 50.50 107.00 87.00
177.50 50.50 107.00 87.00
177.50 46.50 107.00 87.00
177.50 46.50 107.00 87.00
177.50 46.50 107.00 87.00
177.50 46.50 107.00 87.00
177.50 50.50 107.00 87.00
177.50 50.50 107.00 87.00
181.50 50.50 107.00 87.00
181.50 50.50 107.00 87.00
181.50 50.50 107.00 87.00
181.50 50.50 107.00 87.00
181.50 50.50 107.00 87.00
181.50 50.50 107.00 87.00
181.50 50.50 107.00 87.00
181.50 50.50 107.00 87.00
185.50 50.50 107.00 87.00
185.50 50.50 107.00 87.00
185.50 50.50 107.00 87.00
185.50 50.50 107.00 87.00
185.50 50.50 107.00 87.00
189.50 50.50 107.00 87.00
189.50 54.50 107.00 87.00
189.50 54.50 107.00 87.00
189.50 54.50 107.00 87.00
189.50 54.50 107.00 87.00
189.50 54.50 107.00 87.00
193.50 54.50 107.00 87.00
193.50 54.50 107.00 87.00
193.50 54.50 107.00 87.00
193.50 54.50 107.00 87.00
193.50 54.50 107.00 87.00
197.50 54.50 107.00 87.00
197.50 54.50 107.00 87.00
197.50 54.50 107.00 87.00
197.50 54.50 107.00 87.00
197.50 54.50 107.00 87.00
201.50 54.50 107.00 87.00
201.50 54.50 107.00 87.00
201.50 54.50 107.00 87.00
201.50 54.50 107.00 87.00
201.50 54.50 107.00 87.00
201.50 54.50 107.00 87.00
205.50 54.50 107.00 87.00
205.50 54.50 107.00 87.00
205.50 54.50 107.00 87.00
209.50 54.50 107.00 87.00
209.50 54.50 107.00 87.00
209.50 50.50 107.00 87.00
209.50 50.50 107.00 87.00
209.50 50.50 107.00 87.00
209.50 50.50 107.00 87.00
213.50 50.50 107.00 87.00
213.50 54.50 107.00 87.00
213.50 54.50 107.00 87.00
213.50 54.50 107.00 87.00
213.50 54.50 107.00 87.00
217.50 54.50 107.00 87.00
217.50 54.50 107.00 87.00
217.50 54.50 107.00 87.00
217.50 54.50 107.00 87.00
217.50 54.50 107.00 87.00
221.50 54.50 107.00 87.00
221.50 58.50 107.00 87.00
221.50 58.50 107.00 87.00
221.50 58.50 107.00 87.00
221.50 58.50 107.00 87.00
221.50 58.50 107.00 87.00
225.50 58.50 107.00 87.00
225.50 58.50 107.00 87.00
225.50 58.50 107.00 87.00
225.50 58.50 107.00 87.00
225.50 58.50 107.00 87.00
229.50 58.50 107.00 87.00
229.50 58.50 107.00 87.00
229.50 58.50 107.00 87.00
229.50 54.50 107.00 87.00
229.50 54.50 107.00 87.00
229.50 54.50 107.00 87.00
229.50 54.50 107.00 87.00
229.50 54.50 107.00 87.00
233.50 54.50 107.00 87.00
233.50 54.50 107.00 87.00
233.50 54.50 107.00 87.00
233.50 54.50 107.00 87.00
233.50 54.50 107.00 87.00
237.50 54.50 107.00 87.00
237.50 54.50 107.00 87.00
237.50 54.50 107.00 87.00
237.50 54.50 107.00 87.00
237.50 54.50 107.00 87.00
237.50 58.50 107.00 87.00
237.50 58.50 107.00 87.00
241.50 58.50 107.00 87.00
241.50 58.50 107.00 87.00
241.50 58.50 107.00 87.00
