318.50 185.00 67.00 56.00
318.50 185.00 67.00 56.00
314.50 181.00 67.00 56.00
314.50 181.00 67.00 56.00
310.50 181.00 67.00 56.00
310.50 181.00 67.00 56.00
306.50 177.00 67.00 56.00
306.50 177.00 67.00 56.00
302.50 177.00 67.00 56.00
302.50 173.00 67.00 56.00
302.50 173.00 67.00 56.00
298.50 173.00 67.00 56.00
298.50 169.00 67.00 56.00
298.50 169.00 67.00 56.00
294.50 169.00 67.00 56.00
294.50 165.00 67.00 56.00
294.50 165.00 67.00 56.00
290.50 165.00 67.00 56.00
290.50 161.00 67.00 56.00
290.50 161.00 67.00 56.00
286.50 161.00 67.00 56.00
286.50 157.00 67.00 56.00
286.50 157.00 67.00 56.00
282.50 153.00 67.00 56.00
282.50 153.00 67.00 56.00
282.50 153.00 67.00 56.00
282.50 149.00 67.00 56.00
282.50 149.00 67.00 56.00
278.50 145.00 67.00 56.00
278.50 145.00 67.00 56.00
278.50 141.00 67.00 56.00
278.50 141.00 67.00 56.00
278.50 137.00 67.00 56.00
278.50 133.00 67.00 56.00
278.50 133.00 67.00 56.00
278.50 129.00 67.00 56.00
278.50 129.00 67.00 56.00
278.50 129.00 67.00 56.00
278.50 125.00 67.00 56.00
278.50 125.00 67.00 56.00
278.50 121.00 67.00 56.00
278.50 121.00 67.00 56.00
278.50 117.00 67.00 56.00
278.50 117.00 67.00 56.00
278.50 113.00 67.00 56.00
278.50 113.00 67.00 56.00
278.50 113.00 67.00 56.00
278.50 109.00 67.00 56.00
278.50 109.00 67.00 56.00
278.50 109.00 67.00 56.00
278.50 105.00 67.00 56.00
282.50 105.00 67.00 56.00
282.50 105.00 67.00 56.00
282.50 105.00 67.00 56.00
282.50 105.00 67.00 56.00
282.50 101.00 67.00 56.00
282.50 101.00 67.00 56.00
282.50 101.00 67.00 56.00
282.50 101.00 67.00 56.00
282.50 101.00 67.00 56.00
286.50 101.00 67.00 56.00
286.50 101.00 67.00 56.00
286.50 101.00 67.00 56.00
286.50 101.00 67.00 56.00
286.50 101.00 67.00 56.00
286.50 97.00 67.00 56.00
290.50 97.00 67.00 56.00
290.50 97.00 67.00 56.00
290.50 97.00 67.00 56.00
290.50 97.00 67.00 56.00
294.50 97.00 67.00 56.00
294.50 97.00 67.00 56.00
294.50 97.00 67.00 56.00
294.50 97.00 67.00 56.00
298.50 97.00 67.00 56.00
298.50 97.00 67.00 56.00
298.50 93.00 67.00 56.00
302.50 93.00 67.00 56.00
302.50 93.00 67.00 56.00
302.50 93.00 67.00 56.00
302.50 89.00 67.00 56.00
302.50 89.00 67.00 56.00
302.50 89.00 67.00 56.00
302.50 89.00 67.00 56.00
306.50 89.00 67.00 56.00
306.50 89.00 67.00 56.00
306.50 89.00 67.00 56.00
306.50 85.00 67.00 56.00
306.50 85.00 67.00 56.00
306.50 85.00 67.00 56.00
306.50 85.00 67.00 56.00
306.50 85.00 67.00 56.00
306.50 85.00 67.00 56.00
306.50 85.00 67.00 56.00
306.50 85.00 67.00 56.00
306.50 85.00 67.00 56.00
306.50 85.00 67.00 56.00
306.50 85.00 67.00 56.00
306.50 81.00 67.00 56.00
306.50 81.00 67.00 56.00
306.50 81.00 67.00 56.00
306.50 81.00 67.00 56.00
306.50 81.00 67.00 56.00
306.50 81.00 67.00 56.00
306.50 81.00 67.00 56.00
306.50 81.00 67.00 56.00
306.50 81.00 67.00 56.00
306.50 81.00 67.00 56.00
306.50 81.00 67.00 56.00
306.50 81.00 67.00 56.00
306.50 81.00 67.00 56.00
306.50 81.00 67.00 56.00
306.50 81.00 67.00 56.00
306.50 81.00 67.00 56.00
306.50 81.00 67.00 56.00
306.50 81.00 67.00 56.00
306.50 81.00 67.00 56.00
306.50 81.00 67.00 56.00
306.50 81.00 67.00 56.00
306.50 81.00 67.00 56.00
306.50 85.00 67.00 56.00
306.50 85.00 67.00 56.00
306.50 85.00 67.00 56.00
306.50 85.00 67.00 56.00
306.50 85.00 67.00 56.00
306.50 85.00 67.00 56.00
306.50 85.00 67.00 56.00
302.50 89.00 67.00 56.00
302.50 89.00 67.00 56.00
302.50 89.00 67.00 56.00
302.50 89.00 67.00 56.00
302.50 89.00 67.00 56.00
302.50 93.00 67.00 56.00
302.50 93.00 67.00 56.00
302.50 93.00 67.00 56.00
302.50 93.00 67.00 56.00
298.50 93.00 67.00 56.00
298.50 93.00 67.00 56.00
298.50 93.00 67.00 56.00
298.50 93.00 67.00 56.00
298.50 97.00 67.00 56.00
298.50 97.00 67.00 56.00
298.50 97.00 67.00 56.00
298.50 97.00 67.00 56.00
294.50 97.00 67.00 56.00
294.50 97.00 67.00 56.00
294.50 97.00 67.00 56.00
294.50 97.00 67.00 56.00
294.50 97.00 67.00 56.00
290.50 97.00 67.00 56.00
290.50 101.00 67.00 56.00
290.50 101.00 67.00 56.00
290.50 101.00 67.00 56.00
290.50 101.00 67.00 56.00
290.50 101.00 67.00 56.00
290.50 101.00 67.00 56.00
286.50 101.00 67.00 56.00
286.50 101.00 67.00 56.00
286.50 105.00 67.00 56.00
286.50 105.00 67.00 56.00
286.50 105.00 67.00 56.00
286.50 105.00 67.00 56.00
286.50 109.00 67.00 56.00
282.50 109.00 67.00 56.00
282.50 109.00 67.00 56.00
282.50 109.00 67.00 56.00
282.50 113.00 67.00 56.00
282.50 113.00 67.00 56.00
282.50 113.00 67.00 56.00
282.50 113.00 67.00 56.00
282.50 117.00 67.00 56.00
282.50 117.00 67.00 56.00
278.50 117.00 67.00 56.00
278.50 117.00 67.00 56.00
278.50 117.00 67.00 56.00
278.50 121.00 67.00 56.00
278.50 121.00 67.00 56.00
278.50 121.00 67.00 56.00
278.50 121.00 67.00 56.00
278.50 121.00 67.00 56.00
274.50 121.00 67.00 56.00
274.50 125.00 67.00 56.00
274.50 125.00 67.00 56.00
274.50 125.00 67.00 56.00
274.50 125.00 67.00 56.00
274.50 125.00 67.00 56.00
274.50 125.00 67.00 56.00
270.50 129.00 67.00 56.00
270.50 129.00 67.00 56.00
270.50 129.00 67.00 56.00
270.50 133.00 67.00 56.00
266.50 133.00 67.00 56.00
266.50 133.00 67.00 56.00
266.50 137.00 67.00 56.00
266.50 137.00 67.00 56.00
266.50 141.00 67.00 56.00
266.50 141.00 67.00 56.00
262.50 145.00 67.00 56.00
262.50 145.00 67.00 56.00
262.50 149.00 67.00 56.00
262.50 149.00 67.00 56.00
262.50 153.00 67.00 56.00
262.50 153.00 67.00 56.00
258.50 157.00 67.00 56.00
258.50 157.00 67.00 56.00
258.50 161.00 67.00 56.00
258.50 161.00 67.00 56.00
258.50 161.00 67.00 56.00
258.50 165.00 67.00 56.00
258.50 165.00 67.00 56.00
258.50 169.00 67.00 56.00
258.50 169.00 67.00 56.00
258.50 169.00 67.00 56.00
258.50 173.00 67.00 56.00
254.50 173.00 67.00 56.00
254.50 173.00 67.00 56.00
254.50 173.00 67.00 56.00
254.50 173.00 67.00 56.00
254.50 173.00 67.00 56.00
254.50 173.00 67.00 56.00
254.50 173.00 67.00 56.00
254.50 173.00 67.00 56.00
250.50 173.00 67.00 56.00
250.50 173.00 67.00 56.00
250.50 177.00 67.00 56.00
250.50 177.00 67.00 56.00
250.50 177.00 67.00 56.00
250.50 177.00 67.00 56.00
