124.50 86.00 15.00 16.00
124.50 86.00 15.00 16.00
128.50 86.00 15.00 16.00
128.50 82.00 15.00 16.00
128.50 82.00 15.00 16.00
132.50 82.00 15.00 16.00
132.50 82.00 15.00 16.00
132.50 82.00 15.00 16.00
136.50 82.00 15.00 16.00
136.50 82.00 15.00 16.00
140.50 82.00 15.00 16.00
140.50 82.00 15.00 16.00
144.50 82.00 15.00 16.00
144.50 82.00 15.00 16.00
144.50 82.00 15.00 16.00
148.50 82.00 15.00 16.00
148.50 82.00 15.00 16.00
148.50 82.00 15.00 16.00
152.50 82.00 15.00 16.00
152.50 78.00 15.00 16.00
152.50 78.00 15.00 16.00
152.50 78.00 15.00 16.00
156.50 78.00 15.00 16.00
156.50 78.00 15.00 16.00
156.50 74.00 15.00 16.00
156.50 74.00 15.00 16.00
156.50 74.00 15.00 16.00
160.50 74.00 15.00 16.00
160.50 74.00 15.00 16.00
160.50 74.00 15.00 16.00
160.50 74.00 15.00 16.00
164.50 74.00 15.00 16.00
164.50 74.00 15.00 16.00
164.50 74.00 15.00 16.00
164.50 74.00 15.00 16.00
164.50 74.00 15.00 16.00
164.50 74.00 15.00 16.00
168.50 74.00 15.00 16.00
168.50 74.00 15.00 16.00
168.50 74.00 15.00 16.00
168.50 74.00 15.00 16.00
168.50 74.00 15.00 16.00
168.50 74.00 15.00 16.00
168.50 78.00 15.00 16.00
168.50 78.00 15.00 16.00
172.50 82.00 15.00 16.00
172.50 82.00 15.00 16.00
172.50 82.00 15.00 16.00
168.50 78.00 15.00 16.00
168.50 86.00 15.00 16.00
164.50 86.00 15.00 16.00
168.50 90.00 15.00 16.00
168.50 90.00 15.00 16.00
168.50 90.00 15.00 16.00
168.50 90.00 15.00 16.00
168.50 90.00 15.00 16.00
172.50 90.00 15.00 16.00
172.50 94.00 15.00 16.00
172.50 94.00 15.00 16.00
176.50 98.00 15.00 16.00
176.50 98.00 15.00 16.00
176.50 98.00 15.00 16.00
180.50 98.00 15.00 16.00
180.50 98.00 15.00 16.00
184.50 102.00 15.00 16.00
184.50 98.00 15.00 16.00
188.50 94.00 15.00 16.00
184.50 90.00 15.00 16.00
180.50 90.00 15.00 16.00
180.50 90.00 15.00 16.00
180.50 90.00 15.00 16.00
180.50 90.00 15.00 16.00
176.50 90.00 15.00 16.00
176.50 90.00 15.00 16.00
176.50 90.00 15.00 16.00
176.50 90.00 15.00 16.00
176.50 90.00 15.00 16.00
176.50 90.00 15.00 16.00
176.50 90.00 15.00 16.00
176.50 90.00 15.00 16.00
176.50 90.00 15.00 16.00
176.50 86.00 15.00 16.00
176.50 90.00 15.00 16.00
176.50 90.00 15.00 16.00
176.50 90.00 15.00 16.00
176.50 90.00 15.00 16.00
176.50 90.00 15.00 16.00
176.50 90.00 15.00 16.00
176.50 90.00 15.00 16.00
172.50 90.00 15.00 16.00
172.50 90.00 15.00 16.00
168.50 90.00 15.00 16.00
168.50 90.00 15.00 16.00
164.50 90.00 15.00 16.00
164.50 90.00 15.00 16.00
160.50 90.00 15.00 16.00
160.50 90.00 15.00 16.00
160.50 90.00 15.00 16.00
160.50 90.00 15.00 16.00
160.50 90.00 15.00 16.00
160.50 90.00 15.00 16.00
160.50 94.00 15.00 16.00
160.50 94.00 15.00 16.00
160.50 94.00 15.00 16.00
160.50 94.00 15.00 16.00
160.50 94.00 15.00 16.00
156.50 94.00 15.00 16.00
156.50 94.00 15.00 16.00
156.50 98.00 15.00 16.00
156.50 98.00 15.00 16.00
156.50 98.00 15.00 16.00
152.50 98.00 15.00 16.00
152.50 98.00 15.00 16.00
152.50 98.00 15.00 16.00
148.50 102.00 15.00 16.00
152.50 102.00 15.00 16.00
148.50 102.00 15.00 16.00
144.50 102.00 15.00 16.00
140.50 106.00 15.00 16.00
140.50 110.00 15.00 16.00
136.50 110.00 15.00 16.00
132.50 106.00 15.00 16.00
132.50 110.00 15.00 16.00
128.50 114.00 15.00 16.00
128.50 118.00 15.00 16.00
124.50 122.00 15.00 16.00
124.50 122.00 15.00 16.00
124.50 122.00 15.00 16.00
124.50 122.00 15.00 16.00
120.50 122.00 15.00 16.00
120.50 122.00 15.00 16.00
120.50 122.00 15.00 16.00
120.50 122.00 15.00 16.00
120.50 122.00 15.00 16.00
116.50 118.00 15.00 16.00
116.50 118.00 15.00 16.00
116.50 118.00 15.00 16.00
116.50 114.00 15.00 16.00
116.50 110.00 15.00 16.00
112.50 110.00 15.00 16.00
108.50 110.00 15.00 16.00
108.50 106.00 15.00 16.00
108.50 106.00 15.00 16.00
108.50 102.00 15.00 16.00
108.50 102.00 15.00 16.00
104.50 102.00 15.00 16.00
104.50 102.00 15.00 16.00
104.50 98.00 15.00 16.00
100.50 102.00 15.00 16.00
100.50 102.00 15.00 16.00
100.50 102.00 15.00 16.00
96.50 102.00 15.00 16.00
92.50 102.00 15.00 16.00
92.50 102.00 15.00 16.00
92.50 102.00 15.00 16.00
92.50 102.00 15.00 16.00
88.50 102.00 15.00 16.00
88.50 102.00 15.00 16.00
88.50 102.00 15.00 16.00
92.50 102.00 15.00 16.00
92.50 102.00 15.00 16.00
92.50 102.00 15.00 16.00
96.50 102.00 15.00 16.00
92.50 102.00 15.00 16.00
92.50 106.00 15.00 16.00
88.50 106.00 15.00 16.00
84.50 102.00 15.00 16.00
80.50 98.00 15.00 16.00
84.50 94.00 15.00 16.00
84.50 94.00 15.00 16.00
84.50 94.00 15.00 16.00
84.50 90.00 15.00 16.00
84.50 90.00 15.00 16.00
84.50 94.00 15.00 16.00
80.50 94.00 15.00 16.00
76.50 94.00 15.00 16.00
72.50 90.00 15.00 16.00
68.50 90.00 15.00 16.00
64.50 94.00 15.00 16.00
64.50 94.00 15.00 16.00
64.50 94.00 15.00 16.00
60.50 94.00 15.00 16.00
60.50 94.00 15.00 16.00
60.50 94.00 15.00 16.00
60.50 94.00 15.00 16.00
60.50 94.00 15.00 16.00
60.50 94.00 15.00 16.00
60.50 94.00 15.00 16.00
60.50 94.00 15.00 16.00
60.50 94.00 15.00 16.00
60.50 94.00 15.00 16.00
60.50 94.00 15.00 16.00
60.50 94.00 15.00 16.00
60.50 94.00 15.00 16.00
60.50 94.00 15.00 16.00
60.50 94.00 15.00 16.00
60.50 94.00 15.00 16.00
60.50 94.00 15.00 16.00
60.50 94.00 15.00 16.00
60.50 94.00 15.00 16.00
60.50 94.00 15.00 16.00
60.50 94.00 15.00 16.00
60.50 94.00 15.00 16.00
60.50 94.00 15.00 16.00
60.50 94.00 15.00 16.00
60.50 94.00 15.00 16.00
60.50 94.00 15.00 16.00
60.50 90.00 15.00 16.00
60.50 90.00 15.00 16.00
60.50 90.00 15.00 16.00
60.50 90.00 15.00 16.00
60.50 90.00 15.00 16.00
60.50 90.00 15.00 16.00
60.50 90.00 15.00 16.00
60.50 90.00 15.00 16.00
60.50 90.00 15.00 16.00
60.50 90.00 15.00 16.00
60.50 90.00 15.00 16.00
60.50 90.00 15.00 16.00
60.50 90.00 15.00 16.00
60.50 90.00 15.00 16.00
60.50 90.00 15.00 16.00
60.50 90.00 15.00 16.00
60.50 90.00 15.00 16.00
60.50 90.00 15.00 16.00
60.50 90.00 15.00 16.00
60.50 90.00 15.00 16.00
60.50 90.00 15.00 16.00
60.50 94.00 15.00 16.00
60.50 94.00 15.00 16.00
60.50 94.00 15.00 16.00
60.50 94.00 15.00 16.00
60.50 94.00 15.00 16.00
60.50 94.00 15.00 16.00
60.50 94.00 15.00 16.00
60.50 94.00 15.00 16.00
60.50 94.00 15.00 16.00
60.50 90.00 15.00 16.00
64.50 90.00 15.00 16.00
64.50 90.00 15.00 16.00
60.50 90.00 15.00 16.00
60.50 90.00 15.00 16.00
60.50 90.00 15.00 16.00
60.50 90.00 15.00 16.00
56.50 90.00 15.00 16.00
56.50 86.00 15.00 16.00
56.50 82.00 15.00 16.00
56.50 78.00 15.00 16.00
56.50 82.00 15.00 16.00
56.50 82.00 15.00 16.00
56.50 82.00 15.00 16.00
56.50 82.00 15.00 16.00
56.50 82.00 15.00 16.00
56.50 82.00 15.00 16.00
56.50 82.00 15.00 16.00
56.50 82.00 15.00 16.00
56.50 82.00 15.00 16.00
56.50 82.00 15.00 16.00
56.50 82.00 15.00 16.00
56.50 82.00 15.00 16.00
56.50 82.00 15.00 16.00
56.50 78.00 15.00 16.00
56.50 78.00 15.00 16.00
52.50 78.00 15.00 16.00
48.50 78.00 15.00 16.00
52.50 74.00 15.00 16.00
48.50 74.00 15.00 16.00
48.50 78.00 15.00 16.00
48.50 74.00 15.00 16.00
48.50 74.00 15.00 16.00
48.50 74.00 15.00 16.00
48.50 74.00 15.00 16.00
48.50 74.00 15.00 16.00
48.50 74.00 15.00 16.00
48.50 74.00 15.00 16.00
48.50 74.00 15.00 16.00
48.50 74.00 15.00 16.00
48.50 74.00 15.00 16.00
48.50 74.00 15.00 16.00
48.50 74.00 15.00 16.00
48.50 74.00 15.00 16.00
48.50 74.00 15.00 16.00
48.50 74.00 15.00 16.00
