15.50 87.50 19.00 51.00
15.50 87.50 19.00 51.00
19.50 87.50 19.00 51.00
19.50 87.50 19.00 51.00
23.50 87.50 19.00 51.00
23.50 87.50 19.00 51.00
23.50 87.50 19.00 51.00
27.50 87.50 19.00 51.00
27.50 87.50 19.00 51.00
27.50 87.50 19.00 51.00
31.50 87.50 19.00 51.00
31.50 87.50 19.00 51.00
35.50 87.50 19.00 51.00
35.50 87.50 19.00 51.00
39.50 87.50 19.00 51.00
39.50 87.50 19.00 51.00
39.50 87.50 19.00 51.00
43.50 87.50 19.00 51.00
43.50 87.50 19.00 51.00
47.50 87.50 19.00 51.00
47.50 87.50 19.00 51.00
47.50 87.50 19.00 51.00
51.50 87.50 19.00 51.00
51.50 87.50 19.00 51.00
55.50 87.50 19.00 51.00
55.50 87.50 19.00 51.00
55.50 87.50 19.00 51.00
59.50 87.50 19.00 51.00
59.50 87.50 19.00 51.00
63.50 87.50 19.00 51.00
63.50 87.50 19.00 51.00
67.50 87.50 19.00 51.00
67.50 87.50 19.00 51.00
71.50 87.50 19.00 51.00
71.50 87.50 19.00 51.00
71.50 87.50 19.00 51.00
75.50 87.50 19.00 51.00
75.50 87.50 19.00 51.00
75.50 87.50 19.00 51.00
79.50 87.50 19.00 51.00
79.50 87.50 19.00 51.00
83.50 87.50 19.00 51.00
83.50 87.50 19.00 51.00
87.50 87.50 19.00 51.00
87.50 87.50 19.00 51.00
87.50 87.50 19.00 51.00
91.50 87.50 19.00 51.00
91.50 87.50 19.00 51.00
95.50 87.50 19.00 51.00
95.50 87.50 19.00 51.00
95.50 87.50 19.00 51.00
99.50 87.50 19.00 51.00
99.50 87.50 19.00 51.00
103.50 87.50 19.00 51.00
103.50 87.50 19.00 51.00
107.50 87.50 19.00 51.00
107.50 87.50 19.00 51.00
111.50 87.50 19.00 51.00
111.50 87.50 19.00 51.00
111.50 87.50 19.00 51.00
115.50 87.50 19.00 51.00
115.50 87.50 19.00 51.00
119.50 87.50 19.00 51.00
119.50 87.50 19.00 51.00
119.50 87.50 19.00 51.00
123.50 87.50 19.00 51.00
123.50 87.50 19.00 51.00
127.50 87.50 19.00 51.00
127.50 87.50 19.00 51.00
131.50 87.50 19.00 51.00
131.50 87.50 19.00 51.00
131.50 87.50 19.00 51.00
135.50 87.50 19.00 51.00
135.50 87.50 19.00 51.00
139.50 87.50 19.00 51.00
139.50 87.50 19.00 51.00
143.50 87.50 19.00 51.00
143.50 87.50 19.00 51.00
143.50 87.50 19.00 51.00
147.50 87.50 19.00 51.00
147.50 87.50 19.00 51.00
151.50 87.50 19.00 51.00
151.50 87.50 19.00 51.00
155.50 87.50 19.00 51.00
155.50 87.50 19.00 51.00
155.50 87.50 19.00 51.00
159.50 87.50 19.00 51.00
159.50 87.50 19.00 51.00
163.50 87.50 19.00 51.00
163.50 87.50 19.00 51.00
163.50 87.50 19.00 51.00
167.50 87.50 19.00 51.00
167.50 87.50 19.00 51.00
171.50 87.50 19.00 51.00
171.50 87.50 19.00 51.00
171.50 87.50 19.00 51.00
175.50 87.50 19.00 51.00
175.50 87.50 19.00 51.00
179.50 87.50 19.00 51.00
179.50 87.50 19.00 51.00
183.50 87.50 19.00 51.00
183.50 87.50 19.00 51.00
183.50 87.50 19.00 51.00
187.50 87.50 19.00 51.00
187.50 87.50 19.00 51.00
191.50 87.50 19.00 51.00
191.50 87.50 19.00 51.00
191.50 87.50 19.00 51.00
195.50 87.50 19.00 51.00
195.50 87.50 19.00 51.00
199.50 87.50 19.00 51.00
199.50 87.50 19.00 51.00
203.50 87.50 19.00 51.00
203.50 87.50 19.00 51.00
203.50 87.50 19.00 51.00
207.50 87.50 19.00 51.00
207.50 87.50 19.00 51.00
207.50 83.50 19.00 51.00
211.50 83.50 19.00 51.00
211.50 83.50 19.00 51.00
215.50 87.50 19.00 51.00
215.50 87.50 19.00 51.00
219.50 87.50 19.00 51.00
219.50 87.50 19.00 51.00
219.50 87.50 19.00 51.00
223.50 87.50 19.00 51.00
223.50 87.50 19.00 51.00
227.50 87.50 19.00 51.00
227.50 87.50 19.00 51.00
231.50 87.50 19.00 51.00
231.50 87.50 19.00 51.00
231.50 87.50 19.00 51.00
235.50 87.50 19.00 51.00
235.50 87.50 19.00 51.00
239.50 87.50 19.00 51.00
239.50 87.50 19.00 51.00
243.50 87.50 19.00 51.00
243.50 87.50 19.00 51.00
243.50 87.50 19.00 51.00
247.50 87.50 19.00 51.00
247.50 87.50 19.00 51.00
251.50 87.50 19.00 51.00
251.50 87.50 19.00 51.00
251.50 87.50 19.00 51.00
255.50 83.50 19.00 51.00
255.50 87.50 19.00 51.00
259.50 87.50 19.00 51.00
259.50 87.50 19.00 51.00
263.50 87.50 19.00 51.00
263.50 87.50 19.00 51.00
263.50 87.50 19.00 51.00
267.50 87.50 19.00 51.00
267.50 87.50 19.00 51.00
271.50 87.50 19.00 51.00
271.50 87.50 19.00 51.00
275.50 87.50 19.00 51.00
275.50 87.50 19.00 51.00
279.50 87.50 19.00 51.00
279.50 87.50 19.00 51.00
279.50 87.50 19.00 51.00
283.50 87.50 19.00 51.00
283.50 87.50 19.00 51.00
287.50 87.50 19.00 51.00
287.50 87.50 19.00 51.00
291.50 87.50 19.00 51.00
291.50 87.50 19.00 51.00
295.50 87.50 19.00 51.00
295.50 87.50 19.00 51.00
295.50 87.50 19.00 51.00
299.50 87.50 19.00 51.00
299.50 87.50 19.00 51.00
303.50 87.50 19.00 51.00
303.50 87.50 19.00 51.00
303.50 87.50 19.00 51.00
307.50 87.50 19.00 51.00
