84.00 53.00 62.00 70.00
88.00 53.00 62.00 70.00
88.00 53.00 62.00 70.00
92.00 53.00 62.00 70.00
92.00 53.00 62.00 70.00
92.00 53.00 62.00 70.00
92.00 53.00 62.00 70.00
92.00 53.00 62.00 70.00
92.00 53.00 62.00 70.00
88.00 53.00 62.00 70.00
88.00 53.00 62.00 70.00
88.00 53.00 62.00 70.00
84.00 53.00 62.00 70.00
84.00 53.00 62.00 70.00
84.00 53.00 62.00 70.00
80.00 53.00 62.00 70.00
80.00 53.00 62.00 70.00
76.00 57.00 62.00 70.00
76.00 57.00 62.00 70.00
76.00 57.00 62.00 70.00
76.00 57.00 62.00 70.00
72.00 61.00 62.00 70.00
72.00 61.00 62.00 70.00
76.00 57.00 62.00 70.00
76.00 57.00 62.00 70.00
76.00 57.00 62.00 70.00
76.00 57.00 62.00 70.00
80.00 57.00 62.00 70.00
80.00 57.00 62.00 70.00
80.00 57.00 62.00 70.00
84.00 53.00 62.00 70.00
84.00 53.00 62.00 70.00
84.00 53.00 62.00 70.00
88.00 53.00 62.00 70.00
88.00 53.00 62.00 70.00
88.00 53.00 62.00 70.00
88.00 53.00 62.00 70.00
92.00 53.00 62.00 70.00
92.00 53.00 62.00 70.00
92.00 53.00 62.00 70.00
92.00 53.00 62.00 70.00
96.00 53.00 62.00 70.00
96.00 53.00 62.00 70.00
96.00 53.00 62.00 70.00
96.00 53.00 62.00 70.00
96.00 53.00 62.00 70.00
96.00 53.00 62.00 70.00
96.00 57.00 62.00 70.00
96.00 57.00 62.00 70.00
96.00 57.00 62.00 70.00
96.00 57.00 62.00 70.00
96.00 57.00 62.00 70.00
96.00 57.00 62.00 70.00
96.00 57.00 62.00 70.00
96.00 57.00 62.00 70.00
96.00 57.00 62.00 70.00
96.00 57.00 62.00 70.00
96.00 53.00 62.00 70.00
92.00 53.00 62.00 70.00
92.00 53.00 62.00 70.00
92.00 53.00 62.00 70.00
92.00 53.00 62.00 70.00
92.00 53.00 62.00 70.00
92.00 53.00 62.00 70.00
88.00 53.00 62.00 70.00
88.00 53.00 62.00 70.00
88.00 53.00 62.00 70.00
88.00 53.00 62.00 70.00
88.00 53.00 62.00 70.00
84.00 53.00 62.00 70.00
84.00 53.00 62.00 70.00
84.00 53.00 62.00 70.00
84.00 53.00 62.00 70.00
84.00 53.00 62.00 70.00
84.00 53.00 62.00 70.00
84.00 53.00 62.00 70.00
84.00 53.00 62.00 70.00
80.00 53.00 62.00 70.00
80.00 53.00 62.00 70.00
80.00 53.00 62.00 70.00
80.00 53.00 62.00 70.00
80.00 53.00 62.00 70.00
80.00 53.00 62.00 70.00
80.00 53.00 62.00 70.00
80.00 53.00 62.00 70.00
80.00 53.00 62.00 70.00
80.00 53.00 62.00 70.00
80.00 53.00 62.00 70.00
80.00 53.00 62.00 70.00
80.00 53.00 62.00 70.00
80.00 53.00 62.00 70.00
80.00 53.00 62.00 70.00
80.00 53.00 62.00 70.00
80.00 53.00 62.00 70.00
80.00 53.00 62.00 70.00
80.00 53.00 62.00 70.00
80.00 53.00 62.00 70.00
80.00 53.00 62.00 70.00
80.00 53.00 62.00 70.00
80.00 53.00 62.00 70.00
80.00 53.00 62.00 70.00
80.00 53.00 62.00 70.00
80.00 53.00 62.00 70.00
80.00 53.00 62.00 70.00
80.00 53.00 62.00 70.00
80.00 53.00 62.00 70.00
80.00 53.00 62.00 70.00
80.00 53.00 62.00 70.00
80.00 53.00 62.00 70.00
80.00 53.00 62.00 70.00
80.00 53.00 62.00 70.00
80.00 53.00 62.00 70.00
84.00 53.00 62.00 70.00
84.00 53.00 62.00 70.00
84.00 53.00 62.00 70.00
84.00 53.00 62.00 70.00
84.00 53.00 62.00 70.00
84.00 53.00 62.00 70.00
84.00 53.00 62.00 70.00
84.00 53.00 62.00 70.00
84.00 53.00 62.00 70.00
84.00 53.00 62.00 70.00
84.00 53.00 62.00 70.00
84.00 53.00 62.00 70.00
84.00 53.00 62.00 70.00
84.00 53.00 62.00 70.00
88.00 53.00 62.00 70.00
88.00 53.00 62.00 70.00
88.00 53.00 62.00 70.00
88.00 53.00 62.00 70.00
84.00 53.00 62.00 70.00
84.00 53.00 62.00 70.00
84.00 53.00 62.00 70.00
84.00 53.00 62.00 70.00
84.00 53.00 62.00 70.00
80.00 53.00 62.00 70.00
80.00 53.00 62.00 70.00
80.00 53.00 62.00 70.00
80.00 53.00 62.00 70.00
80.00 53.00 62.00 70.00
80.00 53.00 62.00 70.00
80.00 53.00 62.00 70.00
80.00 53.00 62.00 70.00
80.00 53.00 62.00 70.00
80.00 53.00 62.00 70.00
84.00 53.00 62.00 70.00
84.00 53.00 62.00 70.00
84.00 53.00 62.00 70.00
84.00 53.00 62.00 70.00
84.00 53.00 62.00 70.00
84.00 53.00 62.00 70.00
84.00 53.00 62.00 70.00
84.00 53.00 62.00 70.00
84.00 53.00 62.00 70.00
84.00 53.00 62.00 70.00
84.00 53.00 62.00 70.00
84.00 53.00 62.00 70.00
84.00 53.00 62.00 70.00
84.00 53.00 62.00 70.00
84.00 53.00 62.00 70.00
84.00 53.00 62.00 70.00
84.00 53.00 62.00 70.00
80.00 53.00 62.00 70.00
80.00 53.00 62.00 70.00
80.00 53.00 62.00 70.00
80.00 53.00 62.00 70.00
80.00 53.00 62.00 70.00
76.00 53.00 62.00 70.00
76.00 53.00 62.00 70.00
76.00 53.00 62.00 70.00
76.00 53.00 62.00 70.00
76.00 53.00 62.00 70.00
76.00 53.00 62.00 70.00
76.00 53.00 62.00 70.00
76.00 53.00 62.00 70.00
76.00 53.00 62.00 70.00
76.00 53.00 62.00 70.00
76.00 53.00 62.00 70.00
76.00 53.00 62.00 70.00
76.00 53.00 62.00 70.00
76.00 53.00 62.00 70.00
76.00 53.00 62.00 70.00
76.00 53.00 62.00 70.00
80.00 53.00 62.00 70.00
80.00 53.00 62.00 70.00
80.00 53.00 62.00 70.00
84.00 53.00 62.00 70.00
84.00 53.00 62.00 70.00
84.00 53.00 62.00 70.00
88.00 53.00 62.00 70.00
88.00 53.00 62.00 70.00
92.00 53.00 62.00 70.00
92.00 53.00 62.00 70.00
92.00 53.00 62.00 70.00
92.00 53.00 62.00 70.00
92.00 53.00 62.00 70.00
96.00 53.00 62.00 70.00
96.00 53.00 62.00 70.00
96.00 53.00 62.00 70.00
96.00 53.00 62.00 70.00
96.00 53.00 62.00 70.00
92.00 53.00 62.00 70.00
92.00 53.00 62.00 70.00
92.00 53.00 62.00 70.00
88.00 53.00 62.00 70.00
88.00 49.00 62.00 70.00
88.00 49.00 62.00 70.00
84.00 49.00 62.00 70.00
84.00 49.00 62.00 70.00
80.00 49.00 62.00 70.00
80.00 49.00 62.00 70.00
80.00 49.00 62.00 70.00
76.00 49.00 62.00 70.00
76.00 49.00 62.00 70.00
76.00 49.00 62.00 70.00
76.00 49.00 62.00 70.00
76.00 49.00 62.00 70.00
76.00 49.00 62.00 70.00
76.00 49.00 62.00 70.00
76.00 49.00 62.00 70.00
76.00 49.00 62.00 70.00
76.00 49.00 62.00 70.00
76.00 49.00 62.00 70.00
76.00 45.00 62.00 70.00
80.00 45.00 62.00 70.00
80.00 45.00 62.00 70.00
80.00 45.00 62.00 70.00
84.00 45.00 62.00 70.00
84.00 45.00 62.00 70.00
88.00 45.00 62.00 70.00
88.00 45.00 62.00 70.00
92.00 45.00 62.00 70.00
96.00 45.00 62.00 70.00
100.00 45.00 62.00 70.00
104.00 45.00 62.00 70.00
112.00 45.00 62.00 70.00
116.00 45.00 62.00 70.00
124.00 45.00 62.00 70.00
128.00 45.00 62.00 70.00
136.00 45.00 62.00 70.00
140.00 45.00 62.00 70.00
144.00 45.00 62.00 70.00
152.00 45.00 62.00 70.00
156.00 45.00 62.00 70.00
160.00 45.00 62.00 70.00
164.00 45.00 62.00 70.00
168.00 45.00 62.00 70.00
172.00 45.00 62.00 70.00
176.00 45.00 62.00 70.00
180.00 45.00 62.00 70.00
184.00 45.00 62.00 70.00
184.00 45.00 62.00 70.00
188.00 45.00 62.00 70.00
188.00 45.00 62.00 70.00
188.00 45.00 62.00 70.00
192.00 45.00 62.00 70.00
192.00 45.00 62.00 70.00
192.00 45.00 62.00 70.00
192.00 45.00 62.00 70.00
192.00 45.00 62.00 70.00
192.00 45.00 62.00 70.00
188.00 45.00 62.00 70.00
188.00 45.00 62.00 70.00
188.00 45.00 62.00 70.00
184.00 45.00 62.00 70.00
184.00 45.00 62.00 70.00
180.00 45.00 62.00 70.00
176.00 45.00 62.00 70.00
176.00 45.00 62.00 70.00
172.00 45.00 62.00 70.00
168.00 45.00 62.00 70.00
164.00 45.00 62.00 70.00
160.00 45.00 62.00 70.00
156.00 45.00 62.00 70.00
152.00 45.00 62.00 70.00
148.00 49.00 62.00 70.00
144.00 49.00 62.00 70.00
136.00 49.00 62.00 70.00
132.00 49.00 62.00 70.00
128.00 49.00 62.00 70.00
124.00 49.00 62.00 70.00
116.00 49.00 62.00 70.00
112.00 49.00 62.00 70.00
108.00 49.00 62.00 70.00
104.00 49.00 62.00 70.00
100.00 49.00 62.00 70.00
96.00 49.00 62.00 70.00
96.00 49.00 62.00 70.00
92.00 49.00 62.00 70.00
92.00 49.00 62.00 70.00
88.00 49.00 62.00 70.00
88.00 49.00 62.00 70.00
84.00 49.00 62.00 70.00
84.00 49.00 62.00 70.00
84.00 49.00 62.00 70.00
80.00 49.00 62.00 70.00
80.00 49.00 62.00 70.00
80.00 49.00 62.00 70.00
80.00 49.00 62.00 70.00
80.00 49.00 62.00 70.00
80.00 49.00 62.00 70.00
80.00 49.00 62.00 70.00
84.00 49.00 62.00 70.00
84.00 49.00 62.00 70.00
84.00 49.00 62.00 70.00
88.00 49.00 62.00 70.00
88.00 49.00 62.00 70.00
92.00 49.00 62.00 70.00
92.00 49.00 62.00 70.00
96.00 49.00 62.00 70.00
100.00 49.00 62.00 70.00
104.00 49.00 62.00 70.00
104.00 49.00 62.00 70.00
108.00 49.00 62.00 70.00
112.00 49.00 62.00 70.00
116.00 49.00 62.00 70.00
124.00 53.00 62.00 70.00
128.00 53.00 62.00 70.00
132.00 53.00 62.00 70.00
136.00 53.00 62.00 70.00
140.00 53.00 62.00 70.00
148.00 53.00 62.00 70.00
152.00 53.00 62.00 70.00
156.00 53.00 62.00 70.00
160.00 53.00 62.00 70.00
164.00 53.00 62.00 70.00
168.00 53.00 62.00 70.00
172.00 53.00 62.00 70.00
176.00 53.00 62.00 70.00
180.00 53.00 62.00 70.00
184.00 53.00 62.00 70.00
188.00 53.00 62.00 70.00
188.00 53.00 62.00 70.00
192.00 53.00 62.00 70.00
196.00 53.00 62.00 70.00
196.00 53.00 62.00 70.00
200.00 53.00 62.00 70.00
200.00 53.00 62.00 70.00
200.00 53.00 62.00 70.00
204.00 53.00 62.00 70.00
204.00 53.00 62.00 70.00
204.00 53.00 62.00 70.00
204.00 53.00 62.00 70.00
204.00 53.00 62.00 70.00
204.00 53.00 62.00 70.00
204.00 53.00 62.00 70.00
204.00 53.00 62.00 70.00
204.00 53.00 62.00 70.00
200.00 53.00 62.00 70.00
200.00 53.00 62.00 70.00
200.00 53.00 62.00 70.00
196.00 53.00 62.00 70.00
196.00 53.00 62.00 70.00
196.00 53.00 62.00 70.00
192.00 53.00 62.00 70.00
192.00 53.00 62.00 70.00
188.00 53.00 62.00 70.00
184.00 49.00 62.00 70.00
184.00 49.00 62.00 70.00
180.00 49.00 62.00 70.00
176.00 49.00 62.00 70.00
176.00 49.00 62.00 70.00
172.00 49.00 62.00 70.00
168.00 49.00 62.00 70.00
168.00 49.00 62.00 70.00
164.00 49.00 62.00 70.00
160.00 49.00 62.00 70.00
160.00 49.00 62.00 70.00
156.00 49.00 62.00 70.00
152.00 49.00 62.00 70.00
152.00 49.00 62.00 70.00
148.00 49.00 62.00 70.00
144.00 49.00 62.00 70.00
144.00 49.00 62.00 70.00
140.00 49.00 62.00 70.00
140.00 49.00 62.00 70.00
136.00 49.00 62.00 70.00
136.00 49.00 62.00 70.00
136.00 49.00 62.00 70.00
132.00 49.00 62.00 70.00
132.00 49.00 62.00 70.00
132.00 49.00 62.00 70.00
132.00 49.00 62.00 70.00
128.00 49.00 62.00 70.00
128.00 49.00 62.00 70.00
128.00 49.00 62.00 70.00
128.00 49.00 62.00 70.00
128.00 49.00 62.00 70.00
128.00 49.00 62.00 70.00
132.00 49.00 62.00 70.00
132.00 49.00 62.00 70.00
132.00 49.00 62.00 70.00
132.00 49.00 62.00 70.00
136.00 49.00 62.00 70.00
136.00 49.00 62.00 70.00
136.00 49.00 62.00 70.00
140.00 49.00 62.00 70.00
144.00 49.00 62.00 70.00
144.00 45.00 62.00 70.00
148.00 45.00 62.00 70.00
152.00 45.00 62.00 70.00
156.00 45.00 62.00 70.00
160.00 45.00 62.00 70.00
160.00 45.00 62.00 70.00
164.00 45.00 62.00 70.00
168.00 45.00 62.00 70.00
172.00 45.00 62.00 70.00
176.00 45.00 62.00 70.00
180.00 45.00 62.00 70.00
184.00 41.00 62.00 70.00
188.00 41.00 62.00 70.00
192.00 41.00 62.00 70.00
196.00 41.00 62.00 70.00
200.00 41.00 62.00 70.00
204.00 41.00 62.00 70.00
208.00 41.00 62.00 70.00
208.00 41.00 62.00 70.00
212.00 41.00 62.00 70.00
216.00 41.00 62.00 70.00
220.00 41.00 62.00 70.00
220.00 41.00 62.00 70.00
224.00 41.00 62.00 70.00
224.00 41.00 62.00 70.00
224.00 41.00 62.00 70.00
228.00 41.00 62.00 70.00
228.00 41.00 62.00 70.00
228.00 41.00 62.00 70.00
228.00 41.00 62.00 70.00
228.00 41.00 62.00 70.00
228.00 41.00 62.00 70.00
228.00 41.00 62.00 70.00
228.00 41.00 62.00 70.00
228.00 41.00 62.00 70.00
224.00 41.00 62.00 70.00
224.00 41.00 62.00 70.00
220.00 41.00 62.00 70.00
220.00 41.00 62.00 70.00
216.00 41.00 62.00 70.00
216.00 41.00 62.00 70.00
212.00 41.00 62.00 70.00
208.00 41.00 62.00 70.00
204.00 41.00 62.00 70.00
200.00 37.00 62.00 70.00
196.00 37.00 62.00 70.00
192.00 37.00 62.00 70.00
188.00 37.00 62.00 70.00
184.00 37.00 62.00 70.00
180.00 37.00 62.00 70.00
176.00 37.00 62.00 70.00
172.00 37.00 62.00 70.00
168.00 37.00 62.00 70.00
164.00 37.00 62.00 70.00
160.00 37.00 62.00 70.00
156.00 37.00 62.00 70.00
152.00 37.00 62.00 70.00
148.00 37.00 62.00 70.00
144.00 37.00 62.00 70.00
144.00 37.00 62.00 70.00
140.00 37.00 62.00 70.00
140.00 37.00 62.00 70.00
136.00 37.00 62.00 70.00
136.00 37.00 62.00 70.00
132.00 37.00 62.00 70.00
132.00 37.00 62.00 70.00
132.00 37.00 62.00 70.00
132.00 37.00 62.00 70.00
132.00 41.00 62.00 70.00
132.00 41.00 62.00 70.00
132.00 41.00 62.00 70.00
132.00 41.00 62.00 70.00
132.00 41.00 62.00 70.00
132.00 41.00 62.00 70.00
136.00 41.00 62.00 70.00
136.00 41.00 62.00 70.00
136.00 41.00 62.00 70.00
140.00 45.00 62.00 70.00
140.00 45.00 62.00 70.00
144.00 45.00 62.00 70.00
144.00 45.00 62.00 70.00
148.00 45.00 62.00 70.00
148.00 45.00 62.00 70.00
148.00 49.00 62.00 70.00
152.00 49.00 62.00 70.00
152.00 49.00 62.00 70.00
152.00 49.00 62.00 70.00
152.00 49.00 62.00 70.00
152.00 49.00 62.00 70.00
152.00 49.00 62.00 70.00
152.00 49.00 62.00 70.00
152.00 49.00 62.00 70.00
152.00 49.00 62.00 70.00
152.00 49.00 62.00 70.00
152.00 49.00 62.00 70.00
152.00 49.00 62.00 70.00
152.00 49.00 62.00 70.00
152.00 49.00 62.00 70.00
148.00 49.00 62.00 70.00
148.00 49.00 62.00 70.00
148.00 49.00 62.00 70.00
144.00 49.00 62.00 70.00
144.00 49.00 62.00 70.00
140.00 53.00 62.00 70.00
140.00 53.00 62.00 70.00
136.00 53.00 62.00 70.00
136.00 53.00 62.00 70.00
132.00 53.00 62.00 70.00
132.00 53.00 62.00 70.00
128.00 53.00 62.00 70.00
124.00 53.00 62.00 70.00
120.00 53.00 62.00 70.00
116.00 53.00 62.00 70.00
116.00 53.00 62.00 70.00
112.00 53.00 62.00 70.00
108.00 57.00 62.00 70.00
104.00 57.00 62.00 70.00
104.00 57.00 62.00 70.00
100.00 57.00 62.00 70.00
96.00 57.00 62.00 70.00
96.00 57.00 62.00 70.00
92.00 57.00 62.00 70.00
92.00 57.00 62.00 70.00
92.00 57.00 62.00 70.00
88.00 57.00 62.00 70.00
88.00 57.00 62.00 70.00
88.00 57.00 62.00 70.00
88.00 57.00 62.00 70.00
84.00 57.00 62.00 70.00
84.00 57.00 62.00 70.00
84.00 57.00 62.00 70.00
84.00 57.00 62.00 70.00
84.00 57.00 62.00 70.00
84.00 57.00 62.00 70.00
84.00 57.00 62.00 70.00
84.00 57.00 62.00 70.00
84.00 57.00 62.00 70.00
84.00 57.00 62.00 70.00
84.00 57.00 62.00 70.00
88.00 57.00 62.00 70.00
88.00 57.00 62.00 70.00
88.00 57.00 62.00 70.00
88.00 57.00 62.00 70.00
92.00 57.00 62.00 70.00
92.00 57.00 62.00 70.00
96.00 57.00 62.00 70.00
96.00 57.00 62.00 70.00
96.00 57.00 62.00 70.00
100.00 57.00 62.00 70.00
100.00 57.00 62.00 70.00
104.00 57.00 62.00 70.00
104.00 57.00 62.00 70.00
108.00 57.00 62.00 70.00
112.00 57.00 62.00 70.00
112.00 57.00 62.00 70.00
116.00 57.00 62.00 70.00
116.00 57.00 62.00 70.00
120.00 57.00 62.00 70.00
124.00 57.00 62.00 70.00
124.00 57.00 62.00 70.00
128.00 57.00 62.00 70.00
128.00 57.00 62.00 70.00
132.00 57.00 62.00 70.00
136.00 57.00 62.00 70.00
136.00 57.00 62.00 70.00
140.00 57.00 62.00 70.00
140.00 57.00 62.00 70.00
144.00 57.00 62.00 70.00
144.00 57.00 62.00 70.00
144.00 57.00 62.00 70.00
148.00 57.00 62.00 70.00
148.00 57.00 62.00 70.00
148.00 57.00 62.00 70.00
148.00 57.00 62.00 70.00
152.00 57.00 62.00 70.00
152.00 57.00 62.00 70.00
152.00 57.00 62.00 70.00
152.00 57.00 62.00 70.00
152.00 57.00 62.00 70.00
152.00 57.00 62.00 70.00
152.00 57.00 62.00 70.00
148.00 57.00 62.00 70.00
148.00 57.00 62.00 70.00
148.00 57.00 62.00 70.00
148.00 57.00 62.00 70.00
148.00 57.00 62.00 70.00
144.00 57.00 62.00 70.00
144.00 57.00 62.00 70.00
144.00 53.00 62.00 70.00
140.00 53.00 62.00 70.00
140.00 53.00 62.00 70.00
140.00 53.00 62.00 70.00
136.00 53.00 62.00 70.00
136.00 53.00 62.00 70.00
132.00 53.00 62.00 70.00
132.00 53.00 62.00 70.00
132.00 53.00 62.00 70.00
128.00 53.00 62.00 70.00
128.00 53.00 62.00 70.00
128.00 53.00 62.00 70.00
128.00 53.00 62.00 70.00
124.00 53.00 62.00 70.00
124.00 53.00 62.00 70.00
124.00 53.00 62.00 70.00
124.00 53.00 62.00 70.00
124.00 53.00 62.00 70.00
124.00 53.00 62.00 70.00
124.00 53.00 62.00 70.00
124.00 53.00 62.00 70.00
124.00 53.00 62.00 70.00
124.00 53.00 62.00 70.00
124.00 53.00 62.00 70.00
128.00 53.00 62.00 70.00
128.00 53.00 62.00 70.00
128.00 53.00 62.00 70.00
132.00 53.00 62.00 70.00
132.00 53.00 62.00 70.00
132.00 53.00 62.00 70.00
136.00 53.00 62.00 70.00
140.00 53.00 62.00 70.00
140.00 49.00 62.00 70.00
144.00 49.00 62.00 70.00
148.00 49.00 62.00 70.00
148.00 49.00 62.00 70.00
152.00 49.00 62.00 70.00
156.00 49.00 62.00 70.00
160.00 49.00 62.00 70.00
164.00 49.00 62.00 70.00
164.00 49.00 62.00 70.00
168.00 49.00 62.00 70.00
172.00 49.00 62.00 70.00
176.00 45.00 62.00 70.00
180.00 45.00 62.00 70.00
180.00 45.00 62.00 70.00
184.00 45.00 62.00 70.00
188.00 45.00 62.00 70.00
192.00 45.00 62.00 70.00
192.00 45.00 62.00 70.00
196.00 45.00 62.00 70.00
200.00 45.00 62.00 70.00
200.00 45.00 62.00 70.00
204.00 45.00 62.00 70.00
204.00 45.00 62.00 70.00
208.00 45.00 62.00 70.00
208.00 45.00 62.00 70.00
212.00 45.00 62.00 70.00
212.00 45.00 62.00 70.00
212.00 45.00 62.00 70.00
212.00 45.00 62.00 70.00
212.00 45.00 62.00 70.00
216.00 45.00 62.00 70.00
216.00 45.00 62.00 70.00
216.00 45.00 62.00 70.00
216.00 45.00 62.00 70.00
216.00 45.00 62.00 70.00
216.00 45.00 62.00 70.00
212.00 45.00 62.00 70.00
212.00 45.00 62.00 70.00
212.00 45.00 62.00 70.00
212.00 45.00 62.00 70.00
208.00 45.00 62.00 70.00
208.00 45.00 62.00 70.00
208.00 45.00 62.00 70.00
204.00 45.00 62.00 70.00
204.00 45.00 62.00 70.00
200.00 41.00 62.00 70.00
196.00 41.00 62.00 70.00
196.00 41.00 62.00 70.00
192.00 41.00 62.00 70.00
188.00 41.00 62.00 70.00
184.00 41.00 62.00 70.00
180.00 41.00 62.00 70.00
176.00 41.00 62.00 70.00
176.00 41.00 62.00 70.00
172.00 41.00 62.00 70.00
168.00 37.00 62.00 70.00
164.00 37.00 62.00 70.00
160.00 37.00 62.00 70.00
156.00 37.00 62.00 70.00
152.00 37.00 62.00 70.00
148.00 37.00 62.00 70.00
144.00 37.00 62.00 70.00
140.00 37.00 62.00 70.00
140.00 37.00 62.00 70.00
136.00 37.00 62.00 70.00
132.00 37.00 62.00 70.00
128.00 37.00 62.00 70.00
128.00 37.00 62.00 70.00
124.00 37.00 62.00 70.00
124.00 37.00 62.00 70.00
120.00 37.00 62.00 70.00
120.00 37.00 62.00 70.00
116.00 37.00 62.00 70.00
116.00 37.00 62.00 70.00
112.00 37.00 62.00 70.00
112.00 37.00 62.00 70.00
112.00 37.00 62.00 70.00
112.00 37.00 62.00 70.00
108.00 37.00 62.00 70.00
108.00 37.00 62.00 70.00
108.00 37.00 62.00 70.00
108.00 37.00 62.00 70.00
108.00 37.00 62.00 70.00
108.00 37.00 62.00 70.00
108.00 37.00 62.00 70.00
112.00 37.00 62.00 70.00
112.00 37.00 62.00 70.00
112.00 37.00 62.00 70.00
112.00 37.00 62.00 70.00
116.00 37.00 62.00 70.00
116.00 37.00 62.00 70.00
116.00 37.00 62.00 70.00
120.00 37.00 62.00 70.00
120.00 37.00 62.00 70.00
120.00 37.00 62.00 70.00
124.00 37.00 62.00 70.00
124.00 41.00 62.00 70.00
124.00 41.00 62.00 70.00
128.00 41.00 62.00 70.00
128.00 41.00 62.00 70.00
128.00 41.00 62.00 70.00
128.00 41.00 62.00 70.00
132.00 41.00 62.00 70.00
132.00 41.00 62.00 70.00
132.00 41.00 62.00 70.00
132.00 41.00 62.00 70.00
132.00 41.00 62.00 70.00
132.00 41.00 62.00 70.00
132.00 41.00 62.00 70.00
132.00 41.00 62.00 70.00
132.00 41.00 62.00 70.00
132.00 41.00 62.00 70.00
128.00 41.00 62.00 70.00
128.00 41.00 62.00 70.00
128.00 41.00 62.00 70.00
124.00 41.00 62.00 70.00
124.00 41.00 62.00 70.00
120.00 41.00 62.00 70.00
116.00 45.00 62.00 70.00
116.00 41.00 62.00 70.00
112.00 45.00 62.00 70.00
108.00 45.00 62.00 70.00
104.00 45.00 62.00 70.00
100.00 45.00 62.00 70.00
96.00 45.00 62.00 70.00
92.00 45.00 62.00 70.00
84.00 45.00 62.00 70.00
80.00 45.00 62.00 70.00
76.00 45.00 62.00 70.00
72.00 45.00 62.00 70.00
68.00 45.00 62.00 70.00
64.00 49.00 62.00 70.00
60.00 49.00 62.00 70.00
60.00 49.00 62.00 70.00
56.00 49.00 62.00 70.00
52.00 49.00 62.00 70.00
52.00 49.00 62.00 70.00
52.00 49.00 62.00 70.00
48.00 49.00 62.00 70.00
48.00 49.00 62.00 70.00
48.00 49.00 62.00 70.00
48.00 49.00 62.00 70.00
48.00 49.00 62.00 70.00
48.00 49.00 62.00 70.00
48.00 49.00 62.00 70.00
48.00 49.00 62.00 70.00
48.00 49.00 62.00 70.00
52.00 49.00 62.00 70.00
52.00 49.00 62.00 70.00
52.00 49.00 62.00 70.00
56.00 49.00 62.00 70.00
56.00 49.00 62.00 70.00
60.00 49.00 62.00 70.00
60.00 49.00 62.00 70.00
64.00 49.00 62.00 70.00
68.00 49.00 62.00 70.00
68.00 49.00 62.00 70.00
72.00 53.00 62.00 70.00
76.00 53.00 62.00 70.00
80.00 53.00 62.00 70.00
84.00 53.00 62.00 70.00
88.00 53.00 62.00 70.00
92.00 53.00 62.00 70.00
92.00 53.00 62.00 70.00
96.00 53.00 62.00 70.00
100.00 53.00 62.00 70.00
104.00 53.00 62.00 70.00
108.00 57.00 62.00 70.00
108.00 57.00 62.00 70.00
112.00 57.00 62.00 70.00
112.00 57.00 62.00 70.00
116.00 57.00 62.00 70.00
116.00 57.00 62.00 70.00
120.00 57.00 62.00 70.00
120.00 57.00 62.00 70.00
120.00 57.00 62.00 70.00
120.00 57.00 62.00 70.00
124.00 57.00 62.00 70.00
124.00 57.00 62.00 70.00
124.00 57.00 62.00 70.00
124.00 57.00 62.00 70.00
124.00 61.00 62.00 70.00
124.00 61.00 62.00 70.00
124.00 61.00 62.00 70.00
124.00 61.00 62.00 70.00
124.00 61.00 62.00 70.00
124.00 61.00 62.00 70.00
120.00 61.00 62.00 70.00
120.00 61.00 62.00 70.00
120.00 61.00 62.00 70.00
120.00 61.00 62.00 70.00
120.00 61.00 62.00 70.00
120.00 61.00 62.00 70.00
120.00 65.00 62.00 70.00
120.00 65.00 62.00 70.00
120.00 65.00 62.00 70.00
120.00 65.00 62.00 70.00
120.00 65.00 62.00 70.00
120.00 65.00 62.00 70.00
120.00 65.00 62.00 70.00
124.00 65.00 62.00 70.00
124.00 65.00 62.00 70.00
124.00 65.00 62.00 70.00
124.00 65.00 62.00 70.00
128.00 65.00 62.00 70.00
128.00 65.00 62.00 70.00
132.00 65.00 62.00 70.00
132.00 65.00 62.00 70.00
136.00 65.00 62.00 70.00
140.00 61.00 62.00 70.00
140.00 61.00 62.00 70.00
144.00 61.00 62.00 70.00
148.00 61.00 62.00 70.00
152.00 61.00 62.00 70.00
156.00 61.00 62.00 70.00
160.00 61.00 62.00 70.00
164.00 61.00 62.00 70.00
168.00 61.00 62.00 70.00
172.00 61.00 62.00 70.00
176.00 61.00 62.00 70.00
176.00 61.00 62.00 70.00
180.00 61.00 62.00 70.00
184.00 61.00 62.00 70.00
188.00 61.00 62.00 70.00
188.00 61.00 62.00 70.00
192.00 61.00 62.00 70.00
196.00 61.00 62.00 70.00
196.00 61.00 62.00 70.00
196.00 61.00 62.00 70.00
200.00 61.00 62.00 70.00
200.00 61.00 62.00 70.00
204.00 61.00 62.00 70.00
204.00 61.00 62.00 70.00
204.00 61.00 62.00 70.00
204.00 61.00 62.00 70.00
204.00 61.00 62.00 70.00
204.00 61.00 62.00 70.00
204.00 61.00 62.00 70.00
204.00 61.00 62.00 70.00
204.00 61.00 62.00 70.00
204.00 61.00 62.00 70.00
204.00 61.00 62.00 70.00
204.00 61.00 62.00 70.00
200.00 61.00 62.00 70.00
200.00 61.00 62.00 70.00
196.00 61.00 62.00 70.00
196.00 57.00 62.00 70.00
192.00 57.00 62.00 70.00
192.00 57.00 62.00 70.00
188.00 57.00 62.00 70.00
188.00 57.00 62.00 70.00
184.00 57.00 62.00 70.00
180.00 53.00 62.00 70.00
176.00 53.00 62.00 70.00
176.00 53.00 62.00 70.00
172.00 53.00 62.00 70.00
168.00 53.00 62.00 70.00
168.00 53.00 62.00 70.00
164.00 53.00 62.00 70.00
160.00 53.00 62.00 70.00
160.00 53.00 62.00 70.00
156.00 53.00 62.00 70.00
156.00 53.00 62.00 70.00
152.00 53.00 62.00 70.00
152.00 53.00 62.00 70.00
148.00 49.00 62.00 70.00
148.00 49.00 62.00 70.00
148.00 49.00 62.00 70.00
144.00 49.00 62.00 70.00
144.00 49.00 62.00 70.00
144.00 49.00 62.00 70.00
144.00 49.00 62.00 70.00
144.00 49.00 62.00 70.00
144.00 49.00 62.00 70.00
144.00 49.00 62.00 70.00
144.00 49.00 62.00 70.00
144.00 49.00 62.00 70.00
144.00 49.00 62.00 70.00
144.00 49.00 62.00 70.00
148.00 49.00 62.00 70.00
148.00 49.00 62.00 70.00
148.00 49.00 62.00 70.00
152.00 49.00 62.00 70.00
152.00 49.00 62.00 70.00
152.00 49.00 62.00 70.00
156.00 45.00 62.00 70.00
156.00 45.00 62.00 70.00
156.00 45.00 62.00 70.00
160.00 45.00 62.00 70.00
160.00 45.00 62.00 70.00
164.00 41.00 62.00 70.00
164.00 41.00 62.00 70.00
168.00 41.00 62.00 70.00
168.00 41.00 62.00 70.00
172.00 41.00 62.00 70.00
172.00 41.00 62.00 70.00
176.00 41.00 62.00 70.00
176.00 41.00 62.00 70.00
180.00 41.00 62.00 70.00
180.00 37.00 62.00 70.00
180.00 37.00 62.00 70.00
184.00 37.00 62.00 70.00
184.00 37.00 62.00 70.00
184.00 37.00 62.00 70.00
184.00 37.00 62.00 70.00
184.00 37.00 62.00 70.00
184.00 37.00 62.00 70.00
184.00 37.00 62.00 70.00
184.00 37.00 62.00 70.00
184.00 37.00 62.00 70.00
184.00 33.00 62.00 70.00
184.00 33.00 62.00 70.00
184.00 33.00 62.00 70.00
180.00 33.00 62.00 70.00
180.00 33.00 62.00 70.00
176.00 33.00 62.00 70.00
176.00 33.00 62.00 70.00
172.00 33.00 62.00 70.00
168.00 33.00 62.00 70.00
164.00 33.00 62.00 70.00
160.00 33.00 62.00 70.00
156.00 33.00 62.00 70.00
156.00 33.00 62.00 70.00
152.00 33.00 62.00 70.00
148.00 33.00 62.00 70.00
144.00 33.00 62.00 70.00
140.00 33.00 62.00 70.00
136.00 33.00 62.00 70.00
132.00 33.00 62.00 70.00
132.00 33.00 62.00 70.00
128.00 33.00 62.00 70.00
124.00 33.00 62.00 70.00
124.00 33.00 62.00 70.00
120.00 33.00 62.00 70.00
120.00 33.00 62.00 70.00
120.00 33.00 62.00 70.00
116.00 33.00 62.00 70.00
116.00 33.00 62.00 70.00
116.00 33.00 62.00 70.00
116.00 33.00 62.00 70.00
116.00 37.00 62.00 70.00
116.00 37.00 62.00 70.00
120.00 37.00 62.00 70.00
120.00 41.00 62.00 70.00
120.00 41.00 62.00 70.00
120.00 41.00 62.00 70.00
120.00 45.00 62.00 70.00
124.00 45.00 62.00 70.00
124.00 45.00 62.00 70.00
124.00 45.00 62.00 70.00
124.00 45.00 62.00 70.00
124.00 45.00 62.00 70.00
124.00 45.00 62.00 70.00
124.00 45.00 62.00 70.00
124.00 45.00 62.00 70.00
124.00 45.00 62.00 70.00
124.00 45.00 62.00 70.00
120.00 45.00 62.00 70.00
120.00 45.00 62.00 70.00
120.00 45.00 62.00 70.00
116.00 45.00 62.00 70.00
116.00 45.00 62.00 70.00
116.00 45.00 62.00 70.00
112.00 45.00 62.00 70.00
112.00 45.00 62.00 70.00
108.00 45.00 62.00 70.00
104.00 49.00 62.00 70.00
104.00 49.00 62.00 70.00
100.00 49.00 62.00 70.00
100.00 49.00 62.00 70.00
96.00 49.00 62.00 70.00
92.00 49.00 62.00 70.00
88.00 49.00 62.00 70.00
88.00 49.00 62.00 70.00
84.00 53.00 62.00 70.00
80.00 53.00 62.00 70.00
80.00 53.00 62.00 70.00
76.00 53.00 62.00 70.00
76.00 53.00 62.00 70.00
72.00 53.00 62.00 70.00
72.00 53.00 62.00 70.00
72.00 53.00 62.00 70.00
68.00 53.00 62.00 70.00
68.00 53.00 62.00 70.00
68.00 53.00 62.00 70.00
68.00 53.00 62.00 70.00
68.00 53.00 62.00 70.00
68.00 53.00 62.00 70.00
68.00 53.00 62.00 70.00
68.00 53.00 62.00 70.00
68.00 53.00 62.00 70.00
68.00 53.00 62.00 70.00
68.00 53.00 62.00 70.00
72.00 53.00 62.00 70.00
72.00 53.00 62.00 70.00
72.00 53.00 62.00 70.00
76.00 53.00 62.00 70.00
80.00 53.00 62.00 70.00
80.00 53.00 62.00 70.00
84.00 53.00 62.00 70.00
88.00 53.00 62.00 70.00
92.00 53.00 62.00 70.00
92.00 53.00 62.00 70.00
96.00 53.00 62.00 70.00
100.00 53.00 62.00 70.00
104.00 53.00 62.00 70.00
112.00 57.00 62.00 70.00
116.00 57.00 62.00 70.00
120.00 57.00 62.00 70.00
124.00 57.00 62.00 70.00
128.00 57.00 62.00 70.00
132.00 57.00 62.00 70.00
136.00 57.00 62.00 70.00
136.00 57.00 62.00 70.00
140.00 57.00 62.00 70.00
144.00 57.00 62.00 70.00
148.00 57.00 62.00 70.00
148.00 57.00 62.00 70.00
152.00 57.00 62.00 70.00
156.00 57.00 62.00 70.00
156.00 57.00 62.00 70.00
160.00 57.00 62.00 70.00
160.00 57.00 62.00 70.00
164.00 57.00 62.00 70.00
164.00 57.00 62.00 70.00
168.00 57.00 62.00 70.00
168.00 57.00 62.00 70.00
168.00 57.00 62.00 70.00
168.00 57.00 62.00 70.00
172.00 57.00 62.00 70.00
172.00 57.00 62.00 70.00
172.00 57.00 62.00 70.00
172.00 57.00 62.00 70.00
176.00 57.00 62.00 70.00
176.00 57.00 62.00 70.00
176.00 57.00 62.00 70.00
176.00 57.00 62.00 70.00
176.00 57.00 62.00 70.00
176.00 57.00 62.00 70.00
176.00 57.00 62.00 70.00
176.00 57.00 62.00 70.00
176.00 57.00 62.00 70.00
176.00 57.00 62.00 70.00
176.00 57.00 62.00 70.00
176.00 57.00 62.00 70.00
176.00 57.00 62.00 70.00
176.00 57.00 62.00 70.00
172.00 57.00 62.00 70.00
172.00 53.00 62.00 70.00
172.00 53.00 62.00 70.00
168.00 53.00 62.00 70.00
168.00 53.00 62.00 70.00
168.00 53.00 62.00 70.00
164.00 53.00 62.00 70.00
164.00 49.00 62.00 70.00
164.00 49.00 62.00 70.00
160.00 49.00 62.00 70.00
160.00 49.00 62.00 70.00
160.00 49.00 62.00 70.00
160.00 49.00 62.00 70.00
156.00 49.00 62.00 70.00
156.00 49.00 62.00 70.00
156.00 49.00 62.00 70.00
156.00 49.00 62.00 70.00
156.00 49.00 62.00 70.00
156.00 49.00 62.00 70.00
156.00 49.00 62.00 70.00
156.00 49.00 62.00 70.00
156.00 49.00 62.00 70.00
156.00 49.00 62.00 70.00
156.00 49.00 62.00 70.00
156.00 49.00 62.00 70.00
156.00 49.00 62.00 70.00
156.00 49.00 62.00 70.00
156.00 49.00 62.00 70.00
160.00 49.00 62.00 70.00
160.00 49.00 62.00 70.00
160.00 49.00 62.00 70.00
164.00 49.00 62.00 70.00
164.00 45.00 62.00 70.00
168.00 45.00 62.00 70.00
168.00 45.00 62.00 70.00
172.00 45.00 62.00 70.00
176.00 45.00 62.00 70.00
176.00 45.00 62.00 70.00
180.00 41.00 62.00 70.00
180.00 41.00 62.00 70.00
184.00 41.00 62.00 70.00
188.00 41.00 62.00 70.00
192.00 41.00 62.00 70.00
192.00 37.00 62.00 70.00
196.00 37.00 62.00 70.00
196.00 37.00 62.00 70.00
200.00 37.00 62.00 70.00
200.00 37.00 62.00 70.00
204.00 37.00 62.00 70.00
208.00 37.00 62.00 70.00
208.00 37.00 62.00 70.00
208.00 37.00 62.00 70.00
212.00 37.00 62.00 70.00
212.00 37.00 62.00 70.00
212.00 37.00 62.00 70.00
212.00 37.00 62.00 70.00
212.00 37.00 62.00 70.00
212.00 37.00 62.00 70.00
212.00 37.00 62.00 70.00
208.00 37.00 62.00 70.00
208.00 37.00 62.00 70.00
208.00 37.00 62.00 70.00
204.00 37.00 62.00 70.00
200.00 37.00 62.00 70.00
200.00 37.00 62.00 70.00
196.00 37.00 62.00 70.00
196.00 37.00 62.00 70.00
192.00 37.00 62.00 70.00
188.00 37.00 62.00 70.00
184.00 37.00 62.00 70.00
180.00 37.00 62.00 70.00
176.00 37.00 62.00 70.00
172.00 37.00 62.00 70.00
172.00 37.00 62.00 70.00
168.00 37.00 62.00 70.00
164.00 37.00 62.00 70.00
160.00 37.00 62.00 70.00
156.00 37.00 62.00 70.00
152.00 37.00 62.00 70.00
148.00 37.00 62.00 70.00
144.00 37.00 62.00 70.00
140.00 37.00 62.00 70.00
136.00 37.00 62.00 70.00
132.00 37.00 62.00 70.00
128.00 37.00 62.00 70.00
124.00 37.00 62.00 70.00
120.00 41.00 62.00 70.00
116.00 41.00 62.00 70.00
112.00 41.00 62.00 70.00
108.00 41.00 62.00 70.00
104.00 45.00 62.00 70.00
100.00 45.00 62.00 70.00
100.00 45.00 62.00 70.00
96.00 45.00 62.00 70.00
96.00 45.00 62.00 70.00
92.00 45.00 62.00 70.00
92.00 45.00 62.00 70.00
92.00 49.00 62.00 70.00
88.00 49.00 62.00 70.00
88.00 49.00 62.00 70.00
88.00 49.00 62.00 70.00
88.00 49.00 62.00 70.00
88.00 49.00 62.00 70.00
88.00 49.00 62.00 70.00
88.00 49.00 62.00 70.00
88.00 49.00 62.00 70.00
92.00 49.00 62.00 70.00
92.00 53.00 62.00 70.00
92.00 53.00 62.00 70.00
92.00 53.00 62.00 70.00
96.00 53.00 62.00 70.00
96.00 57.00 62.00 70.00
96.00 57.00 62.00 70.00
100.00 57.00 62.00 70.00
100.00 57.00 62.00 70.00
100.00 57.00 62.00 70.00
100.00 57.00 62.00 70.00
100.00 57.00 62.00 70.00
100.00 57.00 62.00 70.00
100.00 57.00 62.00 70.00
100.00 57.00 62.00 70.00
100.00 57.00 62.00 70.00
100.00 57.00 62.00 70.00
100.00 57.00 62.00 70.00
96.00 57.00 62.00 70.00
96.00 57.00 62.00 70.00
96.00 57.00 62.00 70.00
92.00 57.00 62.00 70.00
92.00 57.00 62.00 70.00
88.00 57.00 62.00 70.00
88.00 57.00 62.00 70.00
84.00 57.00 62.00 70.00
80.00 57.00 62.00 70.00
76.00 57.00 62.00 70.00
72.00 57.00 62.00 70.00
72.00 57.00 62.00 70.00
68.00 57.00 62.00 70.00
64.00 57.00 62.00 70.00
60.00 61.00 62.00 70.00
56.00 61.00 62.00 70.00
56.00 61.00 62.00 70.00
52.00 61.00 62.00 70.00
48.00 61.00 62.00 70.00
48.00 61.00 62.00 70.00
48.00 61.00 62.00 70.00
44.00 61.00 62.00 70.00
44.00 61.00 62.00 70.00
44.00 61.00 62.00 70.00
44.00 61.00 62.00 70.00
44.00 61.00 62.00 70.00
44.00 61.00 62.00 70.00
44.00 61.00 62.00 70.00
44.00 61.00 62.00 70.00
48.00 61.00 62.00 70.00
48.00 61.00 62.00 70.00
48.00 61.00 62.00 70.00
52.00 61.00 62.00 70.00
52.00 61.00 62.00 70.00
56.00 61.00 62.00 70.00
60.00 61.00 62.00 70.00
60.00 61.00 62.00 70.00
64.00 61.00 62.00 70.00
68.00 61.00 62.00 70.00
72.00 61.00 62.00 70.00
76.00 61.00 62.00 70.00
84.00 61.00 62.00 70.00
88.00 61.00 62.00 70.00
92.00 61.00 62.00 70.00
96.00 61.00 62.00 70.00
100.00 61.00 62.00 70.00
108.00 61.00 62.00 70.00
112.00 61.00 62.00 70.00
116.00 61.00 62.00 70.00
120.00 61.00 62.00 70.00
120.00 61.00 62.00 70.00
124.00 61.00 62.00 70.00
128.00 61.00 62.00 70.00
128.00 61.00 62.00 70.00
132.00 61.00 62.00 70.00
132.00 61.00 62.00 70.00
136.00 61.00 62.00 70.00
136.00 61.00 62.00 70.00
136.00 61.00 62.00 70.00
136.00 61.00 62.00 70.00
140.00 61.00 62.00 70.00
140.00 61.00 62.00 70.00
136.00 61.00 62.00 70.00
136.00 61.00 62.00 70.00
136.00 61.00 62.00 70.00
136.00 61.00 62.00 70.00
132.00 61.00 62.00 70.00
132.00 61.00 62.00 70.00
128.00 61.00 62.00 70.00
128.00 61.00 62.00 70.00
124.00 61.00 62.00 70.00
120.00 61.00 62.00 70.00
116.00 61.00 62.00 70.00
112.00 61.00 62.00 70.00
108.00 61.00 62.00 70.00
104.00 57.00 62.00 70.00
100.00 57.00 62.00 70.00
96.00 57.00 62.00 70.00
92.00 57.00 62.00 70.00
88.00 57.00 62.00 70.00
84.00 53.00 62.00 70.00
80.00 53.00 62.00 70.00
76.00 53.00 62.00 70.00
72.00 53.00 62.00 70.00
68.00 53.00 62.00 70.00
64.00 53.00 62.00 70.00
60.00 53.00 62.00 70.00
56.00 53.00 62.00 70.00
56.00 53.00 62.00 70.00
52.00 53.00 62.00 70.00
52.00 53.00 62.00 70.00
48.00 53.00 62.00 70.00
48.00 53.00 62.00 70.00
48.00 53.00 62.00 70.00
44.00 53.00 62.00 70.00
44.00 53.00 62.00 70.00
44.00 53.00 62.00 70.00
44.00 53.00 62.00 70.00
44.00 53.00 62.00 70.00
44.00 53.00 62.00 70.00
44.00 53.00 62.00 70.00
44.00 53.00 62.00 70.00
48.00 53.00 62.00 70.00
48.00 53.00 62.00 70.00
48.00 53.00 62.00 70.00
52.00 53.00 62.00 70.00
52.00 53.00 62.00 70.00
56.00 53.00 62.00 70.00
56.00 53.00 62.00 70.00
60.00 49.00 62.00 70.00
60.00 49.00 62.00 70.00
64.00 49.00 62.00 70.00
68.00 49.00 62.00 70.00
68.00 49.00 62.00 70.00
72.00 45.00 62.00 70.00
76.00 45.00 62.00 70.00
80.00 45.00 62.00 70.00
84.00 45.00 62.00 70.00
88.00 45.00 62.00 70.00
92.00 45.00 62.00 70.00
92.00 45.00 62.00 70.00
96.00 45.00 62.00 70.00
100.00 45.00 62.00 70.00
104.00 45.00 62.00 70.00
104.00 45.00 62.00 70.00
108.00 45.00 62.00 70.00
112.00 45.00 62.00 70.00
112.00 45.00 62.00 70.00
116.00 45.00 62.00 70.00
116.00 45.00 62.00 70.00
120.00 45.00 62.00 70.00
120.00 45.00 62.00 70.00
124.00 45.00 62.00 70.00
124.00 45.00 62.00 70.00
124.00 45.00 62.00 70.00
128.00 45.00 62.00 70.00
128.00 45.00 62.00 70.00
128.00 45.00 62.00 70.00
128.00 45.00 62.00 70.00
128.00 45.00 62.00 70.00
128.00 45.00 62.00 70.00
128.00 45.00 62.00 70.00
128.00 41.00 62.00 70.00
128.00 41.00 62.00 70.00
128.00 41.00 62.00 70.00
128.00 41.00 62.00 70.00
128.00 41.00 62.00 70.00
128.00 41.00 62.00 70.00
128.00 41.00 62.00 70.00
128.00 41.00 62.00 70.00
128.00 41.00 62.00 70.00
128.00 41.00 62.00 70.00
128.00 41.00 62.00 70.00
128.00 41.00 62.00 70.00
128.00 41.00 62.00 70.00
128.00 41.00 62.00 70.00
128.00 41.00 62.00 70.00
128.00 41.00 62.00 70.00
128.00 41.00 62.00 70.00
128.00 41.00 62.00 70.00
132.00 41.00 62.00 70.00
132.00 41.00 62.00 70.00
136.00 37.00 62.00 70.00
136.00 37.00 62.00 70.00
140.00 37.00 62.00 70.00
140.00 37.00 62.00 70.00
144.00 37.00 62.00 70.00
148.00 37.00 62.00 70.00
148.00 37.00 62.00 70.00
152.00 37.00 62.00 70.00
156.00 37.00 62.00 70.00
156.00 37.00 62.00 70.00
160.00 37.00 62.00 70.00
164.00 37.00 62.00 70.00
164.00 37.00 62.00 70.00
168.00 37.00 62.00 70.00
172.00 37.00 62.00 70.00
172.00 37.00 62.00 70.00
176.00 37.00 62.00 70.00
176.00 37.00 62.00 70.00
180.00 37.00 62.00 70.00
180.00 37.00 62.00 70.00
180.00 41.00 62.00 70.00
180.00 41.00 62.00 70.00
180.00 41.00 62.00 70.00
180.00 41.00 62.00 70.00
180.00 41.00 62.00 70.00
180.00 41.00 62.00 70.00
180.00 41.00 62.00 70.00
180.00 41.00 62.00 70.00
180.00 41.00 62.00 70.00
180.00 41.00 62.00 70.00
180.00 41.00 62.00 70.00
180.00 41.00 62.00 70.00
180.00 41.00 62.00 70.00
180.00 45.00 62.00 70.00
180.00 45.00 62.00 70.00
180.00 45.00 62.00 70.00
180.00 45.00 62.00 70.00
180.00 49.00 62.00 70.00
180.00 49.00 62.00 70.00
184.00 49.00 62.00 70.00
184.00 53.00 62.00 70.00
184.00 53.00 62.00 70.00
184.00 53.00 62.00 70.00
184.00 53.00 62.00 70.00
184.00 53.00 62.00 70.00
184.00 53.00 62.00 70.00
184.00 53.00 62.00 70.00
188.00 53.00 62.00 70.00
188.00 53.00 62.00 70.00
188.00 53.00 62.00 70.00
192.00 53.00 62.00 70.00
192.00 53.00 62.00 70.00
192.00 53.00 62.00 70.00
196.00 53.00 62.00 70.00
196.00 57.00 62.00 70.00
200.00 57.00 62.00 70.00
200.00 57.00 62.00 70.00
204.00 57.00 62.00 70.00
204.00 57.00 62.00 70.00
208.00 57.00 62.00 70.00
208.00 57.00 62.00 70.00
212.00 61.00 62.00 70.00
212.00 61.00 62.00 70.00
212.00 61.00 62.00 70.00
212.00 61.00 62.00 70.00
212.00 61.00 62.00 70.00
212.00 61.00 62.00 70.00
212.00 61.00 62.00 70.00
212.00 61.00 62.00 70.00
208.00 61.00 62.00 70.00
208.00 61.00 62.00 70.00
204.00 61.00 62.00 70.00
204.00 61.00 62.00 70.00
200.00 61.00 62.00 70.00
196.00 61.00 62.00 70.00
192.00 65.00 62.00 70.00
188.00 61.00 62.00 70.00
184.00 61.00 62.00 70.00
180.00 61.00 62.00 70.00
176.00 61.00 62.00 70.00
168.00 61.00 62.00 70.00
164.00 61.00 62.00 70.00
160.00 61.00 62.00 70.00
152.00 61.00 62.00 70.00
148.00 61.00 62.00 70.00
144.00 61.00 62.00 70.00
140.00 61.00 62.00 70.00
136.00 61.00 62.00 70.00
132.00 61.00 62.00 70.00
128.00 61.00 62.00 70.00
124.00 61.00 62.00 70.00
120.00 57.00 62.00 70.00
116.00 57.00 62.00 70.00
116.00 57.00 62.00 70.00
112.00 57.00 62.00 70.00
108.00 57.00 62.00 70.00
104.00 57.00 62.00 70.00
104.00 57.00 62.00 70.00
100.00 57.00 62.00 70.00
96.00 57.00 62.00 70.00
96.00 57.00 62.00 70.00
92.00 57.00 62.00 70.00
92.00 57.00 62.00 70.00
88.00 57.00 62.00 70.00
88.00 53.00 62.00 70.00
88.00 53.00 62.00 70.00
84.00 53.00 62.00 70.00
84.00 53.00 62.00 70.00
80.00 53.00 62.00 70.00
80.00 53.00 62.00 70.00
76.00 53.00 62.00 70.00
76.00 53.00 62.00 70.00
72.00 49.00 62.00 70.00
72.00 49.00 62.00 70.00
68.00 49.00 62.00 70.00
68.00 49.00 62.00 70.00
64.00 49.00 62.00 70.00
60.00 49.00 62.00 70.00
60.00 49.00 62.00 70.00
56.00 49.00 62.00 70.00
52.00 45.00 62.00 70.00
52.00 45.00 62.00 70.00
48.00 45.00 62.00 70.00
48.00 45.00 62.00 70.00
44.00 45.00 62.00 70.00
44.00 45.00 62.00 70.00
40.00 49.00 62.00 70.00
36.00 49.00 62.00 70.00
36.00 49.00 62.00 70.00
32.00 49.00 62.00 70.00
28.00 53.00 62.00 70.00
24.00 53.00 62.00 70.00
24.00 53.00 62.00 70.00
20.00 53.00 62.00 70.00
20.00 57.00 62.00 70.00
16.00 57.00 62.00 70.00
12.00 57.00 62.00 70.00
12.00 57.00 62.00 70.00
8.00 57.00 62.00 70.00
