146.00 53.50 68.00 101.00
146.00 53.50 68.00 101.00
146.00 53.50 68.00 101.00
150.00 53.50 68.00 101.00
150.00 53.50 68.00 101.00
154.00 53.50 68.00 101.00
154.00 53.50 68.00 101.00
154.00 53.50 68.00 101.00
158.00 53.50 68.00 101.00
162.00 53.50 68.00 101.00
162.00 53.50 68.00 101.00
162.00 57.50 68.00 101.00
162.00 57.50 68.00 101.00
162.00 57.50 68.00 101.00
166.00 57.50 68.00 101.00
170.00 61.50 68.00 101.00
174.00 61.50 68.00 101.00
174.00 61.50 68.00 101.00
178.00 61.50 68.00 101.00
182.00 61.50 68.00 101.00
182.00 57.50 68.00 101.00
186.00 57.50 68.00 101.00
190.00 53.50 68.00 101.00
190.00 57.50 68.00 101.00
194.00 61.50 68.00 101.00
194.00 65.50 68.00 101.00
190.00 65.50 68.00 101.00
190.00 69.50 68.00 101.00
190.00 69.50 68.00 101.00
186.00 73.50 68.00 101.00
182.00 73.50 68.00 101.00
178.00 69.50 68.00 101.00
174.00 69.50 68.00 101.00
174.00 69.50 68.00 101.00
170.00 65.50 68.00 101.00
162.00 65.50 68.00 101.00
158.00 65.50 68.00 101.00
154.00 65.50 68.00 101.00
150.00 61.50 68.00 101.00
150.00 61.50 68.00 101.00
150.00 61.50 68.00 101.00
150.00 65.50 68.00 101.00
150.00 65.50 68.00 101.00
146.00 65.50 68.00 101.00
146.00 65.50 68.00 101.00
142.00 65.50 68.00 101.00
142.00 65.50 68.00 101.00
142.00 65.50 68.00 101.00
142.00 65.50 68.00 101.00
142.00 65.50 68.00 101.00
138.00 65.50 68.00 101.00
138.00 61.50 68.00 101.00
142.00 61.50 68.00 101.00
142.00 65.50 68.00 101.00
142.00 65.50 68.00 101.00
142.00 69.50 68.00 101.00
142.00 69.50 68.00 101.00
142.00 73.50 68.00 101.00
142.00 73.50 68.00 101.00
142.00 73.50 68.00 101.00
146.00 73.50 68.00 101.00
150.00 69.50 68.00 101.00
150.00 69.50 68.00 101.00
154.00 65.50 68.00 101.00
158.00 61.50 68.00 101.00
158.00 61.50 68.00 101.00
162.00 57.50 68.00 101.00
166.00 57.50 68.00 101.00
166.00 61.50 68.00 101.00
170.00 61.50 68.00 101.00
174.00 65.50 68.00 101.00
174.00 65.50 68.00 101.00
174.00 65.50 68.00 101.00
174.00 65.50 68.00 101.00
178.00 65.50 68.00 101.00
178.00 65.50 68.00 101.00
178.00 65.50 68.00 101.00
178.00 61.50 68.00 101.00
178.00 61.50 68.00 101.00
174.00 61.50 68.00 101.00
174.00 65.50 68.00 101.00
170.00 65.50 68.00 101.00
170.00 65.50 68.00 101.00
170.00 65.50 68.00 101.00
166.00 65.50 68.00 101.00
166.00 65.50 68.00 101.00
166.00 65.50 68.00 101.00
166.00 61.50 68.00 101.00
162.00 61.50 68.00 101.00
162.00 61.50 68.00 101.00
158.00 57.50 68.00 101.00
154.00 57.50 68.00 101.00
150.00 57.50 68.00 101.00
150.00 53.50 68.00 101.00
150.00 57.50 68.00 101.00
150.00 61.50 68.00 101.00
150.00 65.50 68.00 101.00
150.00 69.50 68.00 101.00
150.00 69.50 68.00 101.00
146.00 69.50 68.00 101.00
146.00 69.50 68.00 101.00
150.00 69.50 68.00 101.00
150.00 69.50 68.00 101.00
150.00 65.50 68.00 101.00
154.00 65.50 68.00 101.00
154.00 65.50 68.00 101.00
158.00 65.50 68.00 101.00
162.00 65.50 68.00 101.00
166.00 69.50 68.00 101.00
166.00 69.50 68.00 101.00
170.00 65.50 68.00 101.00
170.00 65.50 68.00 101.00
170.00 65.50 68.00 101.00
170.00 65.50 68.00 101.00
174.00 65.50 68.00 101.00
174.00 65.50 68.00 101.00
178.00 65.50 68.00 101.00
178.00 65.50 68.00 101.00
182.00 65.50 68.00 101.00
182.00 61.50 68.00 101.00
182.00 61.50 68.00 101.00
182.00 65.50 68.00 101.00
182.00 65.50 68.00 101.00
186.00 69.50 68.00 101.00
186.00 73.50 68.00 101.00
186.00 73.50 68.00 101.00
186.00 69.50 68.00 101.00
182.00 69.50 68.00 101.00
182.00 65.50 68.00 101.00
178.00 65.50 68.00 101.00
174.00 61.50 68.00 101.00
174.00 57.50 68.00 101.00
174.00 57.50 68.00 101.00
170.00 61.50 68.00 101.00
166.00 61.50 68.00 101.00
162.00 61.50 68.00 101.00
158.00 61.50 68.00 101.00
158.00 65.50 68.00 101.00
154.00 65.50 68.00 101.00
154.00 61.50 68.00 101.00
154.00 61.50 68.00 101.00
154.00 61.50 68.00 101.00
154.00 61.50 68.00 101.00
154.00 61.50 68.00 101.00
154.00 61.50 68.00 101.00
158.00 61.50 68.00 101.00
162.00 65.50 68.00 101.00
162.00 65.50 68.00 101.00
162.00 65.50 68.00 101.00
166.00 65.50 68.00 101.00
166.00 65.50 68.00 101.00
170.00 65.50 68.00 101.00
174.00 61.50 68.00 101.00
174.00 61.50 68.00 101.00
174.00 61.50 68.00 101.00
178.00 61.50 68.00 101.00
178.00 61.50 68.00 101.00
178.00 65.50 68.00 101.00
178.00 65.50 68.00 101.00
178.00 65.50 68.00 101.00
178.00 69.50 68.00 101.00
178.00 69.50 68.00 101.00
174.00 73.50 68.00 101.00
174.00 73.50 68.00 101.00
174.00 73.50 68.00 101.00
174.00 69.50 68.00 101.00
174.00 69.50 68.00 101.00
174.00 65.50 68.00 101.00
174.00 61.50 68.00 101.00
170.00 61.50 68.00 101.00
166.00 61.50 68.00 101.00
166.00 65.50 68.00 101.00
166.00 65.50 68.00 101.00
162.00 65.50 68.00 101.00
162.00 69.50 68.00 101.00
158.00 69.50 68.00 101.00
154.00 65.50 68.00 101.00
150.00 65.50 68.00 101.00
146.00 65.50 68.00 101.00
146.00 65.50 68.00 101.00
146.00 65.50 68.00 101.00
146.00 65.50 68.00 101.00
150.00 65.50 68.00 101.00
154.00 65.50 68.00 101.00
154.00 69.50 68.00 101.00
154.00 73.50 68.00 101.00
158.00 73.50 68.00 101.00
158.00 77.50 68.00 101.00
162.00 77.50 68.00 101.00
166.00 77.50 68.00 101.00
170.00 77.50 68.00 101.00
174.00 77.50 68.00 101.00
178.00 73.50 68.00 101.00
182.00 69.50 68.00 101.00
182.00 69.50 68.00 101.00
186.00 69.50 68.00 101.00
190.00 65.50 68.00 101.00
194.00 69.50 68.00 101.00
198.00 69.50 68.00 101.00
198.00 69.50 68.00 101.00
202.00 69.50 68.00 101.00
206.00 69.50 68.00 101.00
210.00 69.50 68.00 101.00
210.00 69.50 68.00 101.00
210.00 69.50 68.00 101.00
210.00 69.50 68.00 101.00
206.00 69.50 68.00 101.00
206.00 69.50 68.00 101.00
206.00 69.50 68.00 101.00
206.00 69.50 68.00 101.00
206.00 69.50 68.00 101.00
202.00 69.50 68.00 101.00
202.00 69.50 68.00 101.00
202.00 69.50 68.00 101.00
202.00 69.50 68.00 101.00
202.00 65.50 68.00 101.00
198.00 65.50 68.00 101.00
198.00 69.50 68.00 101.00
194.00 73.50 68.00 101.00
194.00 73.50 68.00 101.00
194.00 73.50 68.00 101.00
190.00 69.50 68.00 101.00
190.00 69.50 68.00 101.00
190.00 69.50 68.00 101.00
190.00 69.50 68.00 101.00
190.00 69.50 68.00 101.00
194.00 69.50 68.00 101.00
198.00 73.50 68.00 101.00
198.00 73.50 68.00 101.00
198.00 73.50 68.00 101.00
202.00 73.50 68.00 101.00
202.00 69.50 68.00 101.00
202.00 69.50 68.00 101.00
206.00 69.50 68.00 101.00
206.00 69.50 68.00 101.00
214.00 65.50 68.00 101.00
218.00 69.50 68.00 101.00
222.00 69.50 68.00 101.00
226.00 73.50 68.00 101.00
226.00 77.50 68.00 101.00
226.00 77.50 68.00 101.00
226.00 81.50 68.00 101.00
226.00 81.50 68.00 101.00
226.00 81.50 68.00 101.00
230.00 81.50 68.00 101.00
234.00 81.50 68.00 101.00
234.00 81.50 68.00 101.00
234.00 81.50 68.00 101.00
230.00 81.50 68.00 101.00
230.00 77.50 68.00 101.00
230.00 77.50 68.00 101.00
226.00 81.50 68.00 101.00
226.00 81.50 68.00 101.00
222.00 85.50 68.00 101.00
218.00 81.50 68.00 101.00
218.00 81.50 68.00 101.00
214.00 81.50 68.00 101.00
210.00 73.50 68.00 101.00
210.00 69.50 68.00 101.00
214.00 61.50 68.00 101.00
218.00 57.50 68.00 101.00
222.00 61.50 68.00 101.00
226.00 65.50 68.00 101.00
230.00 73.50 68.00 101.00
234.00 73.50 68.00 101.00
238.00 77.50 68.00 101.00
242.00 81.50 68.00 101.00
246.00 81.50 68.00 101.00
250.00 77.50 68.00 101.00
250.00 69.50 68.00 101.00
258.00 65.50 68.00 101.00
262.00 61.50 68.00 101.00
262.00 57.50 68.00 101.00
266.00 57.50 68.00 101.00
262.00 57.50 68.00 101.00
262.00 61.50 68.00 101.00
258.00 61.50 68.00 101.00
254.00 61.50 68.00 101.00
254.00 61.50 68.00 101.00
254.00 61.50 68.00 101.00
254.00 61.50 68.00 101.00
254.00 57.50 68.00 101.00
258.00 57.50 68.00 101.00
254.00 57.50 68.00 101.00
254.00 57.50 68.00 101.00
254.00 57.50 68.00 101.00
254.00 53.50 68.00 101.00
258.00 53.50 68.00 101.00
258.00 57.50 68.00 101.00
258.00 57.50 68.00 101.00
258.00 57.50 68.00 101.00
254.00 57.50 68.00 101.00
258.00 57.50 68.00 101.00
258.00 57.50 68.00 101.00
258.00 61.50 68.00 101.00
258.00 61.50 68.00 101.00
254.00 61.50 68.00 101.00
246.00 65.50 68.00 101.00
238.00 65.50 68.00 101.00
234.00 65.50 68.00 101.00
230.00 65.50 68.00 101.00
222.00 65.50 68.00 101.00
218.00 65.50 68.00 101.00
210.00 65.50 68.00 101.00
210.00 65.50 68.00 101.00
210.00 65.50 68.00 101.00
206.00 65.50 68.00 101.00
202.00 69.50 68.00 101.00
198.00 69.50 68.00 101.00
194.00 69.50 68.00 101.00
194.00 69.50 68.00 101.00
186.00 65.50 68.00 101.00
182.00 65.50 68.00 101.00
178.00 65.50 68.00 101.00
170.00 61.50 68.00 101.00
162.00 57.50 68.00 101.00
154.00 57.50 68.00 101.00
146.00 53.50 68.00 101.00
138.00 53.50 68.00 101.00
138.00 53.50 68.00 101.00
134.00 53.50 68.00 101.00
130.00 53.50 68.00 101.00
130.00 53.50 68.00 101.00
130.00 53.50 68.00 101.00
130.00 57.50 68.00 101.00
126.00 57.50 68.00 101.00
126.00 61.50 68.00 101.00
130.00 61.50 68.00 101.00
134.00 61.50 68.00 101.00
134.00 61.50 68.00 101.00
134.00 65.50 68.00 101.00
138.00 65.50 68.00 101.00
142.00 65.50 68.00 101.00
146.00 65.50 68.00 101.00
150.00 65.50 68.00 101.00
154.00 69.50 68.00 101.00
158.00 69.50 68.00 101.00
162.00 69.50 68.00 101.00
162.00 65.50 68.00 101.00
162.00 61.50 68.00 101.00
162.00 57.50 68.00 101.00
162.00 53.50 68.00 101.00
162.00 49.50 68.00 101.00
162.00 49.50 68.00 101.00
162.00 49.50 68.00 101.00
162.00 57.50 68.00 101.00
166.00 69.50 68.00 101.00
170.00 77.50 68.00 101.00
174.00 85.50 68.00 101.00
182.00 89.50 68.00 101.00
190.00 93.50 68.00 101.00
190.00 97.50 68.00 101.00
194.00 101.50 68.00 101.00
198.00 101.50 68.00 101.00
202.00 101.50 68.00 101.00
206.00 101.50 68.00 101.00
202.00 101.50 68.00 101.00
198.00 101.50 68.00 101.00
198.00 97.50 68.00 101.00
198.00 89.50 68.00 101.00
194.00 85.50 68.00 101.00
186.00 81.50 68.00 101.00
182.00 73.50 68.00 101.00
174.00 69.50 68.00 101.00
174.00 69.50 68.00 101.00
170.00 69.50 68.00 101.00
166.00 69.50 68.00 101.00
166.00 69.50 68.00 101.00
166.00 73.50 68.00 101.00
166.00 77.50 68.00 101.00
162.00 77.50 68.00 101.00
162.00 77.50 68.00 101.00
158.00 77.50 68.00 101.00
158.00 73.50 68.00 101.00
158.00 73.50 68.00 101.00
158.00 69.50 68.00 101.00
158.00 69.50 68.00 101.00
158.00 65.50 68.00 101.00
158.00 65.50 68.00 101.00
162.00 61.50 68.00 101.00
166.00 61.50 68.00 101.00
174.00 65.50 68.00 101.00
178.00 69.50 68.00 101.00
182.00 73.50 68.00 101.00
190.00 77.50 68.00 101.00
194.00 77.50 68.00 101.00
198.00 77.50 68.00 101.00
202.00 73.50 68.00 101.00
206.00 73.50 68.00 101.00
206.00 69.50 68.00 101.00
202.00 65.50 68.00 101.00
202.00 65.50 68.00 101.00
202.00 65.50 68.00 101.00
198.00 61.50 68.00 101.00
198.00 65.50 68.00 101.00
198.00 69.50 68.00 101.00
198.00 69.50 68.00 101.00
194.00 69.50 68.00 101.00
194.00 69.50 68.00 101.00
194.00 73.50 68.00 101.00
190.00 69.50 68.00 101.00
186.00 69.50 68.00 101.00
186.00 65.50 68.00 101.00
186.00 65.50 68.00 101.00
182.00 61.50 68.00 101.00
186.00 61.50 68.00 101.00
186.00 61.50 68.00 101.00
186.00 65.50 68.00 101.00
186.00 65.50 68.00 101.00
186.00 69.50 68.00 101.00
186.00 73.50 68.00 101.00
186.00 73.50 68.00 101.00
186.00 73.50 68.00 101.00
186.00 73.50 68.00 101.00
186.00 73.50 68.00 101.00
186.00 73.50 68.00 101.00
186.00 69.50 68.00 101.00
186.00 65.50 68.00 101.00
190.00 65.50 68.00 101.00
194.00 65.50 68.00 101.00
198.00 69.50 68.00 101.00
202.00 73.50 68.00 101.00
210.00 77.50 68.00 101.00
210.00 77.50 68.00 101.00
210.00 81.50 68.00 101.00
210.00 81.50 68.00 101.00
206.00 81.50 68.00 101.00
202.00 81.50 68.00 101.00
194.00 77.50 68.00 101.00
190.00 73.50 68.00 101.00
186.00 73.50 68.00 101.00
178.00 69.50 68.00 101.00
178.00 69.50 68.00 101.00
178.00 69.50 68.00 101.00
182.00 73.50 68.00 101.00
186.00 77.50 68.00 101.00
190.00 77.50 68.00 101.00
194.00 81.50 68.00 101.00
194.00 81.50 68.00 101.00
198.00 81.50 68.00 101.00
198.00 77.50 68.00 101.00
194.00 77.50 68.00 101.00
190.00 73.50 68.00 101.00
186.00 73.50 68.00 101.00
182.00 73.50 68.00 101.00
178.00 73.50 68.00 101.00
174.00 73.50 68.00 101.00
170.00 77.50 68.00 101.00
166.00 77.50 68.00 101.00
166.00 73.50 68.00 101.00
166.00 73.50 68.00 101.00
162.00 73.50 68.00 101.00
158.00 69.50 68.00 101.00
162.00 69.50 68.00 101.00
162.00 65.50 68.00 101.00
162.00 61.50 68.00 101.00
170.00 61.50 68.00 101.00
170.00 61.50 68.00 101.00
170.00 65.50 68.00 101.00
170.00 65.50 68.00 101.00
170.00 69.50 68.00 101.00
166.00 69.50 68.00 101.00
158.00 69.50 68.00 101.00
150.00 69.50 68.00 101.00
146.00 65.50 68.00 101.00
138.00 61.50 68.00 101.00
134.00 57.50 68.00 101.00
130.00 49.50 68.00 101.00
126.00 45.50 68.00 101.00
126.00 45.50 68.00 101.00
126.00 45.50 68.00 101.00
126.00 45.50 68.00 101.00
130.00 49.50 68.00 101.00
130.00 49.50 68.00 101.00
134.00 49.50 68.00 101.00
138.00 49.50 68.00 101.00
142.00 53.50 68.00 101.00
146.00 53.50 68.00 101.00
150.00 53.50 68.00 101.00
150.00 53.50 68.00 101.00
150.00 53.50 68.00 101.00
150.00 53.50 68.00 101.00
154.00 57.50 68.00 101.00
154.00 61.50 68.00 101.00
154.00 61.50 68.00 101.00
154.00 65.50 68.00 101.00
158.00 65.50 68.00 101.00
162.00 65.50 68.00 101.00
166.00 65.50 68.00 101.00
166.00 61.50 68.00 101.00
166.00 57.50 68.00 101.00
166.00 53.50 68.00 101.00
162.00 53.50 68.00 101.00
162.00 53.50 68.00 101.00
162.00 57.50 68.00 101.00
158.00 61.50 68.00 101.00
158.00 61.50 68.00 101.00
158.00 61.50 68.00 101.00
158.00 61.50 68.00 101.00
158.00 61.50 68.00 101.00
162.00 57.50 68.00 101.00
170.00 57.50 68.00 101.00
170.00 53.50 68.00 101.00
178.00 53.50 68.00 101.00
182.00 57.50 68.00 101.00
186.00 61.50 68.00 101.00
186.00 61.50 68.00 101.00
182.00 61.50 68.00 101.00
178.00 61.50 68.00 101.00
178.00 57.50 68.00 101.00
174.00 57.50 68.00 101.00
178.00 53.50 68.00 101.00
178.00 53.50 68.00 101.00
182.00 53.50 68.00 101.00
182.00 49.50 68.00 101.00
186.00 49.50 68.00 101.00
186.00 53.50 68.00 101.00
186.00 61.50 68.00 101.00
186.00 65.50 68.00 101.00
178.00 73.50 68.00 101.00
166.00 73.50 68.00 101.00
158.00 69.50 68.00 101.00
146.00 65.50 68.00 101.00
138.00 61.50 68.00 101.00
134.00 57.50 68.00 101.00
130.00 53.50 68.00 101.00
130.00 49.50 68.00 101.00
130.00 49.50 68.00 101.00
130.00 57.50 68.00 101.00
134.00 61.50 68.00 101.00
138.00 65.50 68.00 101.00
138.00 69.50 68.00 101.00
138.00 73.50 68.00 101.00
138.00 73.50 68.00 101.00
142.00 73.50 68.00 101.00
142.00 65.50 68.00 101.00
146.00 65.50 68.00 101.00
146.00 65.50 68.00 101.00
150.00 65.50 68.00 101.00
150.00 65.50 68.00 101.00
150.00 69.50 68.00 101.00
150.00 73.50 68.00 101.00
146.00 77.50 68.00 101.00
146.00 81.50 68.00 101.00
142.00 81.50 68.00 101.00
138.00 81.50 68.00 101.00
134.00 77.50 68.00 101.00
134.00 73.50 68.00 101.00
130.00 69.50 68.00 101.00
130.00 65.50 68.00 101.00
130.00 57.50 68.00 101.00
130.00 57.50 68.00 101.00
134.00 57.50 68.00 101.00
134.00 61.50 68.00 101.00
134.00 65.50 68.00 101.00
130.00 69.50 68.00 101.00
130.00 73.50 68.00 101.00
130.00 73.50 68.00 101.00
130.00 73.50 68.00 101.00
130.00 73.50 68.00 101.00
134.00 73.50 68.00 101.00
138.00 73.50 68.00 101.00
142.00 69.50 68.00 101.00
150.00 69.50 68.00 101.00
154.00 65.50 68.00 101.00
162.00 65.50 68.00 101.00
166.00 65.50 68.00 101.00
174.00 69.50 68.00 101.00
174.00 73.50 68.00 101.00
