117.00 67.50 122.00 125.00
117.00 59.50 122.00 125.00
109.00 59.50 122.00 125.00
109.00 59.50 122.00 125.00
117.00 59.50 122.00 125.00
117.00 59.50 122.00 125.00
125.00 59.50 122.00 125.00
133.00 59.50 122.00 125.00
133.00 59.50 122.00 125.00
141.00 59.50 122.00 125.00
141.00 59.50 122.00 125.00
149.00 59.50 122.00 125.00
149.00 59.50 122.00 125.00
157.00 59.50 122.00 125.00
157.00 59.50 122.00 125.00
165.00 59.50 122.00 125.00
165.00 59.50 122.00 125.00
165.00 67.50 122.00 125.00
173.00 67.50 122.00 125.00
181.00 67.50 122.00 125.00
181.00 67.50 122.00 125.00
189.00 67.50 122.00 125.00
189.00 67.50 122.00 125.00
189.00 59.50 122.00 125.00
189.00 59.50 122.00 125.00
181.00 59.50 122.00 125.00
181.00 51.50 122.00 125.00
173.00 43.50 122.00 125.00
165.00 35.50 122.00 125.00
165.00 27.50 122.00 125.00
165.00 19.50 122.00 125.00
165.00 3.50 122.00 125.00
157.00 -4.50 122.00 125.00
157.00 -12.50 122.00 125.00
157.00 -28.50 122.00 125.00
149.00 -36.50 122.00 125.00
149.00 -44.50 122.00 125.00
149.00 -60.50 122.00 125.00
149.00 -76.50 122.00 125.00
141.00 -84.50 122.00 125.00
141.00 -92.50 122.00 125.00
141.00 -108.50 122.00 125.00
117.00 -84.50 122.00 125.00
77.00 -20.50 122.00 125.00
69.00 -20.50 122.00 125.00
69.00 -28.50 122.00 125.00
69.00 -28.50 122.00 125.00
61.00 -28.50 122.00 125.00
61.00 -20.50 122.00 125.00
61.00 -20.50 122.00 125.00
53.00 -20.50 122.00 125.00
53.00 -20.50 122.00 125.00
53.00 -20.50 122.00 125.00
45.00 -12.50 122.00 125.00
45.00 -12.50 122.00 125.00
45.00 -12.50 122.00 125.00
45.00 -4.50 122.00 125.00
37.00 -4.50 122.00 125.00
37.00 -4.50 122.00 125.00
37.00 3.50 122.00 125.00
37.00 3.50 122.00 125.00
37.00 11.50 122.00 125.00
29.00 11.50 122.00 125.00
29.00 11.50 122.00 125.00
29.00 11.50 122.00 125.00
21.00 11.50 122.00 125.00
21.00 11.50 122.00 125.00
21.00 19.50 122.00 125.00
13.00 19.50 122.00 125.00
13.00 19.50 122.00 125.00
13.00 27.50 122.00 125.00
5.00 27.50 122.00 125.00
5.00 35.50 122.00 125.00
-3.00 43.50 122.00 125.00
-3.00 51.50 122.00 125.00
-11.00 59.50 122.00 125.00
-11.00 67.50 122.00 125.00
-19.00 75.50 122.00 125.00
-27.00 91.50 122.00 125.00
-27.00 99.50 122.00 125.00
-43.00 115.50 122.00 125.00
-43.00 123.50 122.00 125.00
-51.00 139.50 122.00 125.00
-59.00 147.50 122.00 125.00
-59.00 155.50 122.00 125.00
-51.00 147.50 122.00 125.00
-51.00 147.50 122.00 125.00
-59.00 155.50 122.00 125.00
-51.00 171.50 122.00 125.00
-51.00 147.50 122.00 125.00
-51.00 123.50 122.00 125.00
-59.00 131.50 122.00 125.00
-59.00 155.50 122.00 125.00
-51.00 107.50 122.00 125.00
-59.00 107.50 122.00 125.00
-59.00 107.50 122.00 125.00
-59.00 91.50 122.00 125.00
-59.00 83.50 122.00 125.00
-59.00 91.50 122.00 125.00
-59.00 99.50 122.00 125.00
-59.00 99.50 122.00 125.00
-59.00 99.50 122.00 125.00
-59.00 99.50 122.00 125.00
-59.00 99.50 122.00 125.00
-59.00 91.50 122.00 125.00
-59.00 83.50 122.00 125.00
-59.00 75.50 122.00 125.00
-59.00 75.50 122.00 125.00
-59.00 67.50 122.00 125.00
-59.00 59.50 122.00 125.00
-59.00 51.50 122.00 125.00
-59.00 51.50 122.00 125.00
-59.00 43.50 122.00 125.00
-59.00 35.50 122.00 125.00
-59.00 27.50 122.00 125.00
-59.00 19.50 122.00 125.00
-59.00 11.50 122.00 125.00
-59.00 3.50 122.00 125.00
-59.00 -4.50 122.00 125.00
-59.00 -12.50 122.00 125.00
-59.00 -20.50 122.00 125.00
-59.00 -28.50 122.00 125.00
-59.00 -36.50 122.00 125.00
-59.00 -44.50 122.00 125.00
-51.00 -52.50 122.00 125.00
-51.00 -68.50 122.00 125.00
-59.00 -76.50 122.00 125.00
-59.00 -84.50 122.00 125.00
-59.00 -92.50 122.00 125.00
-59.00 -84.50 122.00 125.00
-59.00 -84.50 122.00 125.00
-59.00 -84.50 122.00 125.00
-59.00 -84.50 122.00 125.00
-59.00 -84.50 122.00 125.00
-59.00 -84.50 122.00 125.00
-59.00 -84.50 122.00 125.00
-59.00 -68.50 122.00 125.00
-59.00 -68.50 122.00 125.00
-51.00 -76.50 122.00 125.00
-51.00 -76.50 122.00 125.00
-51.00 -76.50 122.00 125.00
-51.00 -76.50 122.00 125.00
-51.00 -76.50 122.00 125.00
-51.00 -76.50 122.00 125.00
-51.00 -76.50 122.00 125.00
-51.00 -76.50 122.00 125.00
-51.00 -76.50 122.00 125.00
-51.00 -76.50 122.00 125.00
-51.00 -76.50 122.00 125.00
-51.00 -68.50 122.00 125.00
-51.00 -68.50 122.00 125.00
-51.00 -68.50 122.00 125.00
-51.00 -68.50 122.00 125.00
-51.00 -68.50 122.00 125.00
-51.00 -68.50 122.00 125.00
-51.00 -68.50 122.00 125.00
-51.00 -68.50 122.00 125.00
-51.00 -68.50 122.00 125.00
-51.00 -60.50 122.00 125.00
-51.00 -60.50 122.00 125.00
-51.00 -68.50 122.00 125.00
-51.00 -68.50 122.00 125.00
-51.00 -68.50 122.00 125.00
-51.00 -68.50 122.00 125.00
