445.50 181.00 29.00 26.00
441.50 177.00 29.00 26.00
437.50 173.00 29.00 26.00
437.50 169.00 29.00 26.00
433.50 165.00 29.00 26.00
437.50 165.00 29.00 26.00
445.50 169.00 29.00 26.00
449.50 173.00 29.00 26.00
453.50 173.00 29.00 26.00
461.50 173.00 29.00 26.00
465.50 177.00 29.00 26.00
461.50 181.00 29.00 26.00
457.50 177.00 29.00 26.00
461.50 181.00 29.00 26.00
469.50 181.00 29.00 26.00
477.50 181.00 29.00 26.00
473.50 189.00 29.00 26.00
477.50 189.00 29.00 26.00
485.50 189.00 29.00 26.00
497.50 189.00 29.00 26.00
505.50 189.00 29.00 26.00
497.50 189.00 29.00 26.00
501.50 189.00 29.00 26.00
493.50 193.00 29.00 26.00
501.50 193.00 29.00 26.00
509.50 193.00 29.00 26.00
505.50 193.00 29.00 26.00
513.50 193.00 29.00 26.00
521.50 193.00 29.00 26.00
529.50 193.00 29.00 26.00
537.50 193.00 29.00 26.00
541.50 197.00 29.00 26.00
549.50 197.00 29.00 26.00
557.50 197.00 29.00 26.00
561.50 193.00 29.00 26.00
569.50 193.00 29.00 26.00
561.50 189.00 29.00 26.00
565.50 189.00 29.00 26.00
569.50 189.00 29.00 26.00
577.50 189.00 29.00 26.00
581.50 185.00 29.00 26.00
593.50 185.00 29.00 26.00
597.50 185.00 29.00 26.00
601.50 185.00 29.00 26.00
605.50 185.00 29.00 26.00
609.50 185.00 29.00 26.00
617.50 185.00 29.00 26.00
621.50 185.00 29.00 26.00
625.50 185.00 29.00 26.00
625.50 185.00 29.00 26.00
621.50 185.00 29.00 26.00
621.50 189.00 29.00 26.00
621.50 189.00 29.00 26.00
625.50 189.00 29.00 26.00
625.50 193.00 29.00 26.00
625.50 189.00 29.00 26.00
625.50 189.00 29.00 26.00
625.50 189.00 29.00 26.00
625.50 189.00 29.00 26.00
625.50 189.00 29.00 26.00
625.50 189.00 29.00 26.00
625.50 189.00 29.00 26.00
625.50 189.00 29.00 26.00
625.50 189.00 29.00 26.00
625.50 189.00 29.00 26.00
625.50 189.00 29.00 26.00
625.50 189.00 29.00 26.00
625.50 189.00 29.00 26.00
625.50 189.00 29.00 26.00
625.50 189.00 29.00 26.00
625.50 189.00 29.00 26.00
625.50 189.00 29.00 26.00
625.50 189.00 29.00 26.00
625.50 189.00 29.00 26.00
625.50 189.00 29.00 26.00
625.50 189.00 29.00 26.00
625.50 189.00 29.00 26.00
625.50 189.00 29.00 26.00
625.50 189.00 29.00 26.00
625.50 189.00 29.00 26.00
625.50 189.00 29.00 26.00
