281.50 104.00 67.00 84.00
289.50 104.00 67.00 84.00
297.50 108.00 67.00 84.00
305.50 112.00 67.00 84.00
309.50 112.00 67.00 84.00
313.50 116.00 67.00 84.00
317.50 112.00 67.00 84.00
317.50 108.00 67.00 84.00
309.50 104.00 67.00 84.00
301.50 100.00 67.00 84.00
289.50 92.00 67.00 84.00
273.50 88.00 67.00 84.00
257.50 84.00 67.00 84.00
241.50 80.00 67.00 84.00
233.50 80.00 67.00 84.00
221.50 80.00 67.00 84.00
209.50 84.00 67.00 84.00
201.50 84.00 67.00 84.00
197.50 88.00 67.00 84.00
205.50 92.00 67.00 84.00
217.50 96.00 67.00 84.00
237.50 104.00 67.00 84.00
253.50 104.00 67.00 84.00
265.50 108.00 67.00 84.00
277.50 100.00 67.00 84.00
281.50 100.00 67.00 84.00
285.50 104.00 67.00 84.00
293.50 108.00 67.00 84.00
301.50 100.00 67.00 84.00
297.50 108.00 67.00 84.00
293.50 112.00 67.00 84.00
289.50 112.00 67.00 84.00
281.50 108.00 67.00 84.00
273.50 108.00 67.00 84.00
261.50 104.00 67.00 84.00
249.50 100.00 67.00 84.00
237.50 92.00 67.00 84.00
229.50 80.00 67.00 84.00
229.50 72.00 67.00 84.00
241.50 72.00 67.00 84.00
265.50 72.00 67.00 84.00
289.50 76.00 67.00 84.00
321.50 76.00 67.00 84.00
341.50 76.00 67.00 84.00
353.50 76.00 67.00 84.00
357.50 80.00 67.00 84.00
349.50 84.00 67.00 84.00
333.50 92.00 67.00 84.00
313.50 100.00 67.00 84.00
289.50 104.00 67.00 84.00
261.50 108.00 67.00 84.00
233.50 112.00 67.00 84.00
209.50 112.00 67.00 84.00
193.50 112.00 67.00 84.00
181.50 116.00 67.00 84.00
177.50 116.00 67.00 84.00
173.50 108.00 67.00 84.00
169.50 96.00 67.00 84.00
181.50 80.00 67.00 84.00
201.50 68.00 67.00 84.00
221.50 56.00 67.00 84.00
245.50 48.00 67.00 84.00
269.50 44.00 67.00 84.00
293.50 48.00 67.00 84.00
301.50 52.00 67.00 84.00
297.50 52.00 67.00 84.00
289.50 60.00 67.00 84.00
293.50 72.00 67.00 84.00
305.50 80.00 67.00 84.00
329.50 80.00 67.00 84.00
349.50 76.00 67.00 84.00
365.50 72.00 67.00 84.00
381.50 60.00 67.00 84.00
381.50 52.00 67.00 84.00
369.50 44.00 67.00 84.00
353.50 44.00 67.00 84.00
353.50 60.00 67.00 84.00
325.50 68.00 67.00 84.00
301.50 72.00 67.00 84.00
277.50 76.00 67.00 84.00
257.50 80.00 67.00 84.00
241.50 84.00 67.00 84.00
225.50 84.00 67.00 84.00
213.50 84.00 67.00 84.00
201.50 80.00 67.00 84.00
189.50 76.00 67.00 84.00
173.50 68.00 67.00 84.00
157.50 60.00 67.00 84.00
141.50 56.00 67.00 84.00
129.50 56.00 67.00 84.00
121.50 64.00 67.00 84.00
117.50 72.00 67.00 84.00
121.50 76.00 67.00 84.00
129.50 80.00 67.00 84.00
141.50 84.00 67.00 84.00
153.50 88.00 67.00 84.00
161.50 92.00 67.00 84.00
169.50 96.00 67.00 84.00
173.50 100.00 67.00 84.00
173.50 104.00 67.00 84.00
169.50 104.00 67.00 84.00
169.50 104.00 67.00 84.00
169.50 104.00 67.00 84.00
173.50 104.00 67.00 84.00
189.50 104.00 67.00 84.00
205.50 104.00 67.00 84.00
225.50 104.00 67.00 84.00
245.50 104.00 67.00 84.00
269.50 100.00 67.00 84.00
289.50 100.00 67.00 84.00
309.50 100.00 67.00 84.00
329.50 96.00 67.00 84.00
345.50 92.00 67.00 84.00
357.50 92.00 67.00 84.00
365.50 92.00 67.00 84.00
369.50 92.00 67.00 84.00
369.50 92.00 67.00 84.00
365.50 96.00 67.00 84.00
361.50 100.00 67.00 84.00
361.50 100.00 67.00 84.00
361.50 96.00 67.00 84.00
365.50 92.00 67.00 84.00
361.50 84.00 67.00 84.00
353.50 72.00 67.00 84.00
341.50 68.00 67.00 84.00
329.50 64.00 67.00 84.00
313.50 68.00 67.00 84.00
289.50 72.00 67.00 84.00
265.50 76.00 67.00 84.00
245.50 76.00 67.00 84.00
225.50 80.00 67.00 84.00
209.50 84.00 67.00 84.00
193.50 88.00 67.00 84.00
181.50 92.00 67.00 84.00
169.50 92.00 67.00 84.00
157.50 92.00 67.00 84.00
141.50 92.00 67.00 84.00
129.50 92.00 67.00 84.00
117.50 92.00 67.00 84.00
113.50 92.00 67.00 84.00
113.50 88.00 67.00 84.00
117.50 88.00 67.00 84.00
129.50 88.00 67.00 84.00
145.50 88.00 67.00 84.00
161.50 88.00 67.00 84.00
181.50 88.00 67.00 84.00
201.50 88.00 67.00 84.00
221.50 84.00 67.00 84.00
241.50 80.00 67.00 84.00
261.50 76.00 67.00 84.00
281.50 68.00 67.00 84.00
301.50 60.00 67.00 84.00
313.50 56.00 67.00 84.00
321.50 48.00 67.00 84.00
321.50 44.00 67.00 84.00
317.50 48.00 67.00 84.00
309.50 48.00 67.00 84.00
309.50 44.00 67.00 84.00
301.50 36.00 67.00 84.00
289.50 44.00 67.00 84.00
277.50 52.00 67.00 84.00
253.50 72.00 67.00 84.00
233.50 80.00 67.00 84.00
217.50 84.00 67.00 84.00
201.50 84.00 67.00 84.00
185.50 84.00 67.00 84.00
173.50 84.00 67.00 84.00
165.50 84.00 67.00 84.00
161.50 80.00 67.00 84.00
157.50 76.00 67.00 84.00
157.50 76.00 67.00 84.00
165.50 80.00 67.00 84.00
177.50 80.00 67.00 84.00
201.50 80.00 67.00 84.00
229.50 80.00 67.00 84.00
249.50 72.00 67.00 84.00
253.50 64.00 67.00 84.00
245.50 64.00 67.00 84.00
233.50 64.00 67.00 84.00
221.50 64.00 67.00 84.00
221.50 56.00 67.00 84.00
229.50 48.00 67.00 84.00
245.50 44.00 67.00 84.00
257.50 44.00 67.00 84.00
257.50 64.00 67.00 84.00
261.50 84.00 67.00 84.00
257.50 96.00 67.00 84.00
261.50 100.00 67.00 84.00
269.50 96.00 67.00 84.00
281.50 92.00 67.00 84.00
289.50 88.00 67.00 84.00
293.50 80.00 67.00 84.00
277.50 72.00 67.00 84.00
265.50 72.00 67.00 84.00
265.50 64.00 67.00 84.00
265.50 52.00 67.00 84.00
253.50 48.00 67.00 84.00
237.50 52.00 67.00 84.00
225.50 68.00 67.00 84.00
221.50 76.00 67.00 84.00
229.50 80.00 67.00 84.00
241.50 76.00 67.00 84.00
249.50 68.00 67.00 84.00
245.50 60.00 67.00 84.00
241.50 56.00 67.00 84.00
225.50 60.00 67.00 84.00
209.50 72.00 67.00 84.00
197.50 88.00 67.00 84.00
197.50 104.00 67.00 84.00
209.50 112.00 67.00 84.00
233.50 112.00 67.00 84.00
257.50 100.00 67.00 84.00
277.50 80.00 67.00 84.00
293.50 68.00 67.00 84.00
309.50 56.00 67.00 84.00
321.50 52.00 67.00 84.00
333.50 52.00 67.00 84.00
325.50 64.00 67.00 84.00
301.50 80.00 67.00 84.00
277.50 96.00 67.00 84.00
253.50 100.00 67.00 84.00
241.50 92.00 67.00 84.00
241.50 80.00 67.00 84.00
253.50 72.00 67.00 84.00
265.50 76.00 67.00 84.00
265.50 84.00 67.00 84.00
257.50 92.00 67.00 84.00
241.50 92.00 67.00 84.00
217.50 92.00 67.00 84.00
197.50 96.00 67.00 84.00
181.50 100.00 67.00 84.00
173.50 100.00 67.00 84.00
185.50 96.00 67.00 84.00
209.50 88.00 67.00 84.00
237.50 80.00 67.00 84.00
261.50 76.00 67.00 84.00
281.50 80.00 67.00 84.00
297.50 84.00 67.00 84.00
309.50 88.00 67.00 84.00
309.50 92.00 67.00 84.00
289.50 100.00 67.00 84.00
269.50 108.00 67.00 84.00
245.50 116.00 67.00 84.00
229.50 116.00 67.00 84.00
221.50 116.00 67.00 84.00
217.50 112.00 67.00 84.00
213.50 100.00 67.00 84.00
217.50 96.00 67.00 84.00
237.50 88.00 67.00 84.00
265.50 80.00 67.00 84.00
289.50 68.00 67.00 84.00
301.50 60.00 67.00 84.00
297.50 56.00 67.00 84.00
289.50 56.00 67.00 84.00
289.50 64.00 67.00 84.00
297.50 68.00 67.00 84.00
309.50 72.00 67.00 84.00
321.50 68.00 67.00 84.00
329.50 56.00 67.00 84.00
329.50 44.00 67.00 84.00
329.50 40.00 67.00 84.00
329.50 44.00 67.00 84.00
333.50 52.00 67.00 84.00
333.50 56.00 67.00 84.00
329.50 64.00 67.00 84.00
321.50 68.00 67.00 84.00
317.50 68.00 67.00 84.00
317.50 64.00 67.00 84.00
321.50 52.00 67.00 84.00
325.50 40.00 67.00 84.00
329.50 24.00 67.00 84.00
329.50 12.00 67.00 84.00
321.50 4.00 67.00 84.00
313.50 0.00 67.00 84.00
305.50 4.00 67.00 84.00
297.50 12.00 67.00 84.00
293.50 20.00 67.00 84.00
293.50 24.00 67.00 84.00
289.50 40.00 67.00 84.00
285.50 56.00 67.00 84.00
281.50 76.00 67.00 84.00
273.50 88.00 67.00 84.00
261.50 92.00 67.00 84.00
245.50 96.00 67.00 84.00
225.50 96.00 67.00 84.00
209.50 96.00 67.00 84.00
193.50 88.00 67.00 84.00
193.50 76.00 67.00 84.00
201.50 64.00 67.00 84.00
209.50 60.00 67.00 84.00
217.50 60.00 67.00 84.00
225.50 60.00 67.00 84.00
225.50 60.00 67.00 84.00
217.50 64.00 67.00 84.00
209.50 68.00 67.00 84.00
209.50 68.00 67.00 84.00
217.50 60.00 67.00 84.00
225.50 48.00 67.00 84.00
229.50 36.00 67.00 84.00
229.50 28.00 67.00 84.00
221.50 32.00 67.00 84.00
197.50 44.00 67.00 84.00
173.50 60.00 67.00 84.00
157.50 76.00 67.00 84.00
165.50 88.00 67.00 84.00
181.50 96.00 67.00 84.00
201.50 108.00 67.00 84.00
205.50 104.00 67.00 84.00
205.50 104.00 67.00 84.00
205.50 104.00 67.00 84.00
205.50 104.00 67.00 84.00
205.50 104.00 67.00 84.00
205.50 104.00 67.00 84.00
201.50 108.00 67.00 84.00
201.50 108.00 67.00 84.00
201.50 108.00 67.00 84.00
201.50 108.00 67.00 84.00
205.50 104.00 67.00 84.00
205.50 104.00 67.00 84.00
205.50 104.00 67.00 84.00
205.50 104.00 67.00 84.00
205.50 104.00 67.00 84.00
205.50 104.00 67.00 84.00
205.50 104.00 67.00 84.00
205.50 104.00 67.00 84.00
205.50 104.00 67.00 84.00
205.50 104.00 67.00 84.00
205.50 104.00 67.00 84.00
205.50 104.00 67.00 84.00
205.50 104.00 67.00 84.00
205.50 104.00 67.00 84.00
205.50 104.00 67.00 84.00
205.50 104.00 67.00 84.00
205.50 104.00 67.00 84.00
205.50 104.00 67.00 84.00
205.50 104.00 67.00 84.00
205.50 104.00 67.00 84.00
205.50 104.00 67.00 84.00
205.50 104.00 67.00 84.00
205.50 104.00 67.00 84.00
205.50 104.00 67.00 84.00
205.50 104.00 67.00 84.00
205.50 104.00 67.00 84.00
205.50 104.00 67.00 84.00
205.50 104.00 67.00 84.00
205.50 104.00 67.00 84.00
205.50 104.00 67.00 84.00
205.50 104.00 67.00 84.00
205.50 104.00 67.00 84.00
