204.50 151.00 17.00 50.00
204.50 151.00 17.00 50.00
200.50 151.00 17.00 50.00
200.50 151.00 17.00 50.00
200.50 151.00 17.00 50.00
200.50 151.00 17.00 50.00
196.50 151.00 17.00 50.00
196.50 147.00 17.00 50.00
192.50 147.00 17.00 50.00
192.50 147.00 17.00 50.00
188.50 147.00 17.00 50.00
188.50 143.00 17.00 50.00
188.50 143.00 17.00 50.00
188.50 143.00 17.00 50.00
184.50 143.00 17.00 50.00
184.50 143.00 17.00 50.00
184.50 143.00 17.00 50.00
184.50 143.00 17.00 50.00
180.50 143.00 17.00 50.00
180.50 139.00 17.00 50.00
180.50 139.00 17.00 50.00
176.50 139.00 17.00 50.00
176.50 139.00 17.00 50.00
176.50 139.00 17.00 50.00
176.50 135.00 17.00 50.00
176.50 135.00 17.00 50.00
172.50 135.00 17.00 50.00
172.50 135.00 17.00 50.00
172.50 135.00 17.00 50.00
172.50 135.00 17.00 50.00
168.50 131.00 17.00 50.00
168.50 131.00 17.00 50.00
168.50 131.00 17.00 50.00
168.50 131.00 17.00 50.00
168.50 131.00 17.00 50.00
164.50 131.00 17.00 50.00
164.50 131.00 17.00 50.00
164.50 131.00 17.00 50.00
164.50 127.00 17.00 50.00
164.50 127.00 17.00 50.00
164.50 123.00 17.00 50.00
164.50 123.00 17.00 50.00
160.50 123.00 17.00 50.00
160.50 123.00 17.00 50.00
160.50 123.00 17.00 50.00
160.50 123.00 17.00 50.00
160.50 123.00 17.00 50.00
156.50 123.00 17.00 50.00
156.50 123.00 17.00 50.00
156.50 123.00 17.00 50.00
156.50 119.00 17.00 50.00
152.50 119.00 17.00 50.00
152.50 119.00 17.00 50.00
148.50 119.00 17.00 50.00
148.50 119.00 17.00 50.00
148.50 119.00 17.00 50.00
148.50 119.00 17.00 50.00
144.50 119.00 17.00 50.00
144.50 119.00 17.00 50.00
144.50 119.00 17.00 50.00
140.50 119.00 17.00 50.00
140.50 119.00 17.00 50.00
136.50 115.00 17.00 50.00
136.50 115.00 17.00 50.00
136.50 115.00 17.00 50.00
132.50 115.00 17.00 50.00
132.50 115.00 17.00 50.00
132.50 115.00 17.00 50.00
128.50 115.00 17.00 50.00
128.50 111.00 17.00 50.00
124.50 111.00 17.00 50.00
124.50 111.00 17.00 50.00
124.50 111.00 17.00 50.00
124.50 111.00 17.00 50.00
120.50 107.00 17.00 50.00
120.50 107.00 17.00 50.00
116.50 107.00 17.00 50.00
116.50 107.00 17.00 50.00
116.50 107.00 17.00 50.00
116.50 107.00 17.00 50.00
112.50 103.00 17.00 50.00
112.50 103.00 17.00 50.00
112.50 103.00 17.00 50.00
108.50 103.00 17.00 50.00
108.50 103.00 17.00 50.00
104.50 103.00 17.00 50.00
104.50 103.00 17.00 50.00
100.50 103.00 17.00 50.00
100.50 103.00 17.00 50.00
100.50 99.00 17.00 50.00
96.50 99.00 17.00 50.00
96.50 99.00 17.00 50.00
92.50 99.00 17.00 50.00
92.50 99.00 17.00 50.00
92.50 99.00 17.00 50.00
92.50 99.00 17.00 50.00
88.50 99.00 17.00 50.00
88.50 99.00 17.00 50.00
84.50 95.00 17.00 50.00
84.50 95.00 17.00 50.00
80.50 95.00 17.00 50.00
80.50 95.00 17.00 50.00
80.50 95.00 17.00 50.00
76.50 95.00 17.00 50.00
76.50 95.00 17.00 50.00
76.50 95.00 17.00 50.00
72.50 95.00 17.00 50.00
72.50 95.00 17.00 50.00
68.50 91.00 17.00 50.00
68.50 91.00 17.00 50.00
68.50 91.00 17.00 50.00
68.50 91.00 17.00 50.00
64.50 91.00 17.00 50.00
64.50 91.00 17.00 50.00
64.50 91.00 17.00 50.00
60.50 91.00 17.00 50.00
60.50 91.00 17.00 50.00
56.50 87.00 17.00 50.00
56.50 87.00 17.00 50.00
56.50 87.00 17.00 50.00
