245.00 63.50 12.00 13.00
245.00 63.50 12.00 13.00
245.00 63.50 12.00 13.00
245.00 63.50 12.00 13.00
245.00 63.50 12.00 13.00
245.00 63.50 12.00 13.00
245.00 63.50 12.00 13.00
245.00 63.50 12.00 13.00
245.00 63.50 12.00 13.00
245.00 63.50 12.00 13.00
245.00 63.50 12.00 13.00
245.00 63.50 12.00 13.00
245.00 63.50 12.00 13.00
245.00 63.50 12.00 13.00
245.00 63.50 12.00 13.00
245.00 63.50 12.00 13.00
245.00 63.50 12.00 13.00
245.00 63.50 12.00 13.00
245.00 63.50 12.00 13.00
245.00 63.50 12.00 13.00
245.00 63.50 12.00 13.00
245.00 63.50 12.00 13.00
245.00 63.50 12.00 13.00
245.00 63.50 12.00 13.00
245.00 63.50 12.00 13.00
245.00 63.50 12.00 13.00
245.00 63.50 12.00 13.00
241.00 63.50 12.00 13.00
241.00 63.50 12.00 13.00
241.00 63.50 12.00 13.00
241.00 63.50 12.00 13.00
241.00 63.50 12.00 13.00
237.00 63.50 12.00 13.00
237.00 63.50 12.00 13.00
237.00 63.50 12.00 13.00
233.00 63.50 12.00 13.00
233.00 63.50 12.00 13.00
233.00 63.50 12.00 13.00
229.00 63.50 12.00 13.00
229.00 63.50 12.00 13.00
225.00 63.50 12.00 13.00
225.00 63.50 12.00 13.00
221.00 63.50 12.00 13.00
221.00 63.50 12.00 13.00
217.00 63.50 12.00 13.00
217.00 63.50 12.00 13.00
217.00 63.50 12.00 13.00
213.00 63.50 12.00 13.00
213.00 63.50 12.00 13.00
209.00 63.50 12.00 13.00
209.00 63.50 12.00 13.00
205.00 63.50 12.00 13.00
205.00 63.50 12.00 13.00
205.00 63.50 12.00 13.00
201.00 63.50 12.00 13.00
201.00 63.50 12.00 13.00
197.00 63.50 12.00 13.00
197.00 63.50 12.00 13.00
193.00 63.50 12.00 13.00
193.00 63.50 12.00 13.00
193.00 63.50 12.00 13.00
189.00 63.50 12.00 13.00
189.00 63.50 12.00 13.00
185.00 63.50 12.00 13.00
185.00 63.50 12.00 13.00
181.00 63.50 12.00 13.00
181.00 63.50 12.00 13.00
181.00 63.50 12.00 13.00
177.00 63.50 12.00 13.00
177.00 63.50 12.00 13.00
173.00 63.50 12.00 13.00
173.00 63.50 12.00 13.00
169.00 63.50 12.00 13.00
169.00 63.50 12.00 13.00
165.00 63.50 12.00 13.00
165.00 63.50 12.00 13.00
165.00 63.50 12.00 13.00
161.00 63.50 12.00 13.00
161.00 63.50 12.00 13.00
157.00 63.50 12.00 13.00
157.00 63.50 12.00 13.00
157.00 63.50 12.00 13.00
153.00 63.50 12.00 13.00
153.00 63.50 12.00 13.00
153.00 63.50 12.00 13.00
153.00 63.50 12.00 13.00
153.00 63.50 12.00 13.00
153.00 63.50 12.00 13.00
153.00 63.50 12.00 13.00
153.00 63.50 12.00 13.00
153.00 63.50 12.00 13.00
153.00 63.50 12.00 13.00
153.00 63.50 12.00 13.00
153.00 63.50 12.00 13.00
153.00 63.50 12.00 13.00
153.00 63.50 12.00 13.00
153.00 63.50 12.00 13.00
153.00 63.50 12.00 13.00
153.00 63.50 12.00 13.00
153.00 63.50 12.00 13.00
153.00 63.50 12.00 13.00
153.00 63.50 12.00 13.00
153.00 63.50 12.00 13.00
153.00 63.50 12.00 13.00
153.00 63.50 12.00 13.00
153.00 63.50 12.00 13.00
153.00 63.50 12.00 13.00
153.00 63.50 12.00 13.00
153.00 63.50 12.00 13.00
153.00 63.50 12.00 13.00
153.00 63.50 12.00 13.00
153.00 63.50 12.00 13.00
153.00 63.50 12.00 13.00
153.00 63.50 12.00 13.00
153.00 63.50 12.00 13.00
153.00 63.50 12.00 13.00
153.00 63.50 12.00 13.00
157.00 67.50 12.00 13.00
157.00 67.50 12.00 13.00
157.00 67.50 12.00 13.00
157.00 67.50 12.00 13.00
157.00 67.50 12.00 13.00
157.00 67.50 12.00 13.00
157.00 67.50 12.00 13.00
157.00 67.50 12.00 13.00
157.00 67.50 12.00 13.00
157.00 67.50 12.00 13.00
157.00 67.50 12.00 13.00
157.00 67.50 12.00 13.00
157.00 67.50 12.00 13.00
157.00 67.50 12.00 13.00
157.00 67.50 12.00 13.00
153.00 63.50 12.00 13.00
153.00 63.50 12.00 13.00
153.00 63.50 12.00 13.00
149.00 63.50 12.00 13.00
149.00 63.50 12.00 13.00
149.00 63.50 12.00 13.00
149.00 63.50 12.00 13.00
149.00 63.50 12.00 13.00
149.00 63.50 12.00 13.00
149.00 63.50 12.00 13.00
149.00 63.50 12.00 13.00
149.00 63.50 12.00 13.00
149.00 63.50 12.00 13.00
149.00 63.50 12.00 13.00
149.00 63.50 12.00 13.00
149.00 63.50 12.00 13.00
145.00 63.50 12.00 13.00
145.00 63.50 12.00 13.00
145.00 63.50 12.00 13.00
145.00 63.50 12.00 13.00
141.00 63.50 12.00 13.00
141.00 63.50 12.00 13.00
141.00 63.50 12.00 13.00
137.00 63.50 12.00 13.00
137.00 63.50 12.00 13.00
133.00 63.50 12.00 13.00
133.00 63.50 12.00 13.00
129.00 63.50 12.00 13.00
129.00 63.50 12.00 13.00
129.00 63.50 12.00 13.00
125.00 63.50 12.00 13.00
125.00 63.50 12.00 13.00
121.00 63.50 12.00 13.00
121.00 63.50 12.00 13.00
121.00 63.50 12.00 13.00
117.00 59.50 12.00 13.00
117.00 59.50 12.00 13.00
117.00 59.50 12.00 13.00
113.00 59.50 12.00 13.00
113.00 59.50 12.00 13.00
113.00 59.50 12.00 13.00
109.00 59.50 12.00 13.00
109.00 59.50 12.00 13.00
109.00 59.50 12.00 13.00
109.00 59.50 12.00 13.00
105.00 59.50 12.00 13.00
105.00 59.50 12.00 13.00
105.00 59.50 12.00 13.00
105.00 59.50 12.00 13.00
105.00 59.50 12.00 13.00
105.00 59.50 12.00 13.00
105.00 59.50 12.00 13.00
105.00 59.50 12.00 13.00
105.00 59.50 12.00 13.00
105.00 59.50 12.00 13.00
101.00 59.50 12.00 13.00
101.00 59.50 12.00 13.00
101.00 59.50 12.00 13.00
101.00 59.50 12.00 13.00
97.00 59.50 12.00 13.00
97.00 59.50 12.00 13.00
97.00 59.50 12.00 13.00
97.00 59.50 12.00 13.00
93.00 59.50 12.00 13.00
93.00 59.50 12.00 13.00
93.00 59.50 12.00 13.00
89.00 59.50 12.00 13.00
89.00 59.50 12.00 13.00
85.00 59.50 12.00 13.00
85.00 59.50 12.00 13.00
85.00 59.50 12.00 13.00
85.00 59.50 12.00 13.00
81.00 59.50 12.00 13.00
81.00 59.50 12.00 13.00
81.00 59.50 12.00 13.00
81.00 59.50 12.00 13.00
81.00 59.50 12.00 13.00
81.00 59.50 12.00 13.00
81.00 59.50 12.00 13.00
81.00 59.50 12.00 13.00
81.00 59.50 12.00 13.00
81.00 59.50 12.00 13.00
81.00 59.50 12.00 13.00
81.00 59.50 12.00 13.00
85.00 59.50 12.00 13.00
85.00 59.50 12.00 13.00
85.00 59.50 12.00 13.00
85.00 59.50 12.00 13.00
85.00 59.50 12.00 13.00
89.00 59.50 12.00 13.00
89.00 59.50 12.00 13.00
89.00 59.50 12.00 13.00
89.00 59.50 12.00 13.00
89.00 59.50 12.00 13.00
89.00 59.50 12.00 13.00
89.00 59.50 12.00 13.00
93.00 59.50 12.00 13.00
93.00 59.50 12.00 13.00
93.00 59.50 12.00 13.00
93.00 59.50 12.00 13.00
93.00 59.50 12.00 13.00
93.00 59.50 12.00 13.00
93.00 59.50 12.00 13.00
93.00 59.50 12.00 13.00
93.00 59.50 12.00 13.00
93.00 59.50 12.00 13.00
93.00 59.50 12.00 13.00
93.00 59.50 12.00 13.00
97.00 59.50 12.00 13.00
97.00 59.50 12.00 13.00
97.00 59.50 12.00 13.00
97.00 55.50 12.00 13.00
97.00 55.50 12.00 13.00
97.00 55.50 12.00 13.00
97.00 55.50 12.00 13.00
97.00 55.50 12.00 13.00
97.00 55.50 12.00 13.00
97.00 55.50 12.00 13.00
101.00 55.50 12.00 13.00
101.00 55.50 12.00 13.00
101.00 55.50 12.00 13.00
105.00 55.50 12.00 13.00
109.00 55.50 12.00 13.00
109.00 59.50 12.00 13.00
113.00 59.50 12.00 13.00
117.00 59.50 12.00 13.00
121.00 59.50 12.00 13.00
121.00 59.50 12.00 13.00
125.00 59.50 12.00 13.00
129.00 59.50 12.00 13.00
133.00 59.50 12.00 13.00
137.00 59.50 12.00 13.00
141.00 59.50 12.00 13.00
141.00 59.50 12.00 13.00
141.00 59.50 12.00 13.00
145.00 55.50 12.00 13.00
145.00 55.50 12.00 13.00
145.00 55.50 12.00 13.00
149.00 55.50 12.00 13.00
149.00 55.50 12.00 13.00
149.00 55.50 12.00 13.00
153.00 55.50 12.00 13.00
157.00 55.50 12.00 13.00
161.00 55.50 12.00 13.00
165.00 55.50 12.00 13.00
169.00 55.50 12.00 13.00
173.00 55.50 12.00 13.00
177.00 55.50 12.00 13.00
181.00 55.50 12.00 13.00
185.00 55.50 12.00 13.00
189.00 59.50 12.00 13.00
193.00 59.50 12.00 13.00
197.00 59.50 12.00 13.00
201.00 59.50 12.00 13.00
205.00 59.50 12.00 13.00
209.00 63.50 12.00 13.00
213.00 63.50 12.00 13.00
217.00 63.50 12.00 13.00
221.00 63.50 12.00 13.00
221.00 63.50 12.00 13.00
225.00 63.50 12.00 13.00
229.00 59.50 12.00 13.00
233.00 59.50 12.00 13.00
237.00 59.50 12.00 13.00
237.00 59.50 12.00 13.00
241.00 59.50 12.00 13.00
241.00 59.50 12.00 13.00
245.00 59.50 12.00 13.00
249.00 59.50 12.00 13.00
253.00 59.50 12.00 13.00
253.00 63.50 12.00 13.00
257.00 63.50 12.00 13.00
257.00 63.50 12.00 13.00
261.00 63.50 12.00 13.00
265.00 63.50 12.00 13.00
265.00 63.50 12.00 13.00
269.00 63.50 12.00 13.00
269.00 63.50 12.00 13.00
273.00 63.50 12.00 13.00
273.00 63.50 12.00 13.00
277.00 63.50 12.00 13.00
277.00 63.50 12.00 13.00
277.00 63.50 12.00 13.00
281.00 63.50 12.00 13.00
281.00 63.50 12.00 13.00
285.00 63.50 12.00 13.00
285.00 63.50 12.00 13.00
289.00 63.50 12.00 13.00
289.00 63.50 12.00 13.00
293.00 63.50 12.00 13.00
293.00 63.50 12.00 13.00
297.00 63.50 12.00 13.00
297.00 63.50 12.00 13.00
297.00 63.50 12.00 13.00
301.00 63.50 12.00 13.00
301.00 63.50 12.00 13.00
301.00 59.50 12.00 13.00
301.00 59.50 12.00 13.00
301.00 59.50 12.00 13.00
301.00 55.50 12.00 13.00
301.00 55.50 12.00 13.00
301.00 55.50 12.00 13.00
301.00 51.50 12.00 13.00
301.00 51.50 12.00 13.00
301.00 51.50 12.00 13.00
305.00 51.50 12.00 13.00
305.00 51.50 12.00 13.00
305.00 55.50 12.00 13.00
309.00 55.50 12.00 13.00
309.00 55.50 12.00 13.00
313.00 55.50 12.00 13.00
313.00 55.50 12.00 13.00
313.00 55.50 12.00 13.00
317.00 55.50 12.00 13.00
321.00 55.50 12.00 13.00
321.00 55.50 12.00 13.00
325.00 55.50 12.00 13.00
325.00 51.50 12.00 13.00
325.00 51.50 12.00 13.00
325.00 51.50 12.00 13.00
325.00 51.50 12.00 13.00
325.00 51.50 12.00 13.00
325.00 51.50 12.00 13.00
325.00 51.50 12.00 13.00
325.00 51.50 12.00 13.00
325.00 51.50 12.00 13.00
325.00 51.50 12.00 13.00
321.00 51.50 12.00 13.00
317.00 51.50 12.00 13.00
317.00 55.50 12.00 13.00
313.00 55.50 12.00 13.00
309.00 55.50 12.00 13.00
305.00 59.50 12.00 13.00
301.00 59.50 12.00 13.00
301.00 59.50 12.00 13.00
297.00 59.50 12.00 13.00
293.00 59.50 12.00 13.00
293.00 59.50 12.00 13.00
293.00 59.50 12.00 13.00
293.00 59.50 12.00 13.00
293.00 59.50 12.00 13.00
289.00 59.50 12.00 13.00
289.00 59.50 12.00 13.00
285.00 59.50 12.00 13.00
281.00 59.50 12.00 13.00
277.00 59.50 12.00 13.00
277.00 59.50 12.00 13.00
273.00 59.50 12.00 13.00
269.00 59.50 12.00 13.00
269.00 59.50 12.00 13.00
265.00 59.50 12.00 13.00
265.00 59.50 12.00 13.00
261.00 59.50 12.00 13.00
261.00 59.50 12.00 13.00
257.00 59.50 12.00 13.00
253.00 59.50 12.00 13.00
253.00 59.50 12.00 13.00
249.00 63.50 12.00 13.00
249.00 63.50 12.00 13.00
245.00 63.50 12.00 13.00
245.00 63.50 12.00 13.00
241.00 63.50 12.00 13.00
241.00 63.50 12.00 13.00
241.00 63.50 12.00 13.00
241.00 63.50 12.00 13.00
241.00 63.50 12.00 13.00
241.00 63.50 12.00 13.00
241.00 59.50 12.00 13.00
241.00 59.50 12.00 13.00
241.00 59.50 12.00 13.00
241.00 55.50 12.00 13.00
241.00 51.50 12.00 13.00
241.00 51.50 12.00 13.00
241.00 51.50 12.00 13.00
245.00 47.50 12.00 13.00
245.00 47.50 12.00 13.00
245.00 47.50 12.00 13.00
245.00 47.50 12.00 13.00
245.00 43.50 12.00 13.00
245.00 43.50 12.00 13.00
245.00 43.50 12.00 13.00
241.00 43.50 12.00 13.00
237.00 43.50 12.00 13.00
233.00 43.50 12.00 13.00
229.00 39.50 12.00 13.00
225.00 39.50 12.00 13.00
225.00 39.50 12.00 13.00
225.00 43.50 12.00 13.00
229.00 47.50 12.00 13.00
229.00 47.50 12.00 13.00
229.00 47.50 12.00 13.00
229.00 47.50 12.00 13.00
229.00 47.50 12.00 13.00
229.00 47.50 12.00 13.00
229.00 47.50 12.00 13.00
229.00 47.50 12.00 13.00
229.00 47.50 12.00 13.00
229.00 47.50 12.00 13.00
229.00 47.50 12.00 13.00
229.00 47.50 12.00 13.00
229.00 47.50 12.00 13.00
229.00 47.50 12.00 13.00
229.00 47.50 12.00 13.00
229.00 47.50 12.00 13.00
229.00 47.50 12.00 13.00
229.00 47.50 12.00 13.00
229.00 47.50 12.00 13.00
229.00 51.50 12.00 13.00
229.00 51.50 12.00 13.00
229.00 51.50 12.00 13.00
229.00 51.50 12.00 13.00
229.00 51.50 12.00 13.00
229.00 51.50 12.00 13.00
229.00 51.50 12.00 13.00
229.00 51.50 12.00 13.00
229.00 51.50 12.00 13.00
229.00 51.50 12.00 13.00
229.00 51.50 12.00 13.00
229.00 47.50 12.00 13.00
229.00 47.50 12.00 13.00
229.00 47.50 12.00 13.00
229.00 47.50 12.00 13.00
229.00 47.50 12.00 13.00
229.00 47.50 12.00 13.00
229.00 47.50 12.00 13.00
229.00 47.50 12.00 13.00
229.00 47.50 12.00 13.00
229.00 47.50 12.00 13.00
