205.50 84.50 49.00 57.00
201.50 88.50 49.00 57.00
197.50 88.50 49.00 57.00
197.50 84.50 49.00 57.00
205.50 84.50 49.00 57.00
209.50 80.50 49.00 57.00
205.50 72.50 49.00 57.00
201.50 68.50 49.00 57.00
197.50 64.50 49.00 57.00
197.50 68.50 49.00 57.00
197.50 68.50 49.00 57.00
197.50 72.50 49.00 57.00
197.50 76.50 49.00 57.00
197.50 80.50 49.00 57.00
213.50 88.50 49.00 57.00
209.50 84.50 49.00 57.00
205.50 80.50 49.00 57.00
213.50 72.50 49.00 57.00
213.50 68.50 49.00 57.00
209.50 64.50 49.00 57.00
209.50 60.50 49.00 57.00
201.50 56.50 49.00 57.00
201.50 48.50 49.00 57.00
201.50 44.50 49.00 57.00
201.50 40.50 49.00 57.00
201.50 36.50 49.00 57.00
197.50 28.50 49.00 57.00
197.50 16.50 49.00 57.00
185.50 12.50 49.00 57.00
185.50 8.50 49.00 57.00
181.50 8.50 49.00 57.00
185.50 12.50 49.00 57.00
185.50 20.50 49.00 57.00
185.50 28.50 49.00 57.00
189.50 28.50 49.00 57.00
193.50 28.50 49.00 57.00
193.50 28.50 49.00 57.00
185.50 28.50 49.00 57.00
197.50 28.50 49.00 57.00
201.50 24.50 49.00 57.00
197.50 28.50 49.00 57.00
193.50 36.50 49.00 57.00
185.50 44.50 49.00 57.00
177.50 48.50 49.00 57.00
173.50 52.50 49.00 57.00
173.50 44.50 49.00 57.00
165.50 44.50 49.00 57.00
161.50 44.50 49.00 57.00
153.50 48.50 49.00 57.00
149.50 48.50 49.00 57.00
149.50 44.50 49.00 57.00
153.50 44.50 49.00 57.00
157.50 48.50 49.00 57.00
157.50 48.50 49.00 57.00
157.50 40.50 49.00 57.00
153.50 40.50 49.00 57.00
157.50 32.50 49.00 57.00
157.50 24.50 49.00 57.00
161.50 12.50 49.00 57.00
157.50 20.50 49.00 57.00
157.50 20.50 49.00 57.00
153.50 20.50 49.00 57.00
149.50 20.50 49.00 57.00
145.50 20.50 49.00 57.00
145.50 16.50 49.00 57.00
145.50 16.50 49.00 57.00
145.50 20.50 49.00 57.00
149.50 24.50 49.00 57.00
149.50 28.50 49.00 57.00
149.50 32.50 49.00 57.00
145.50 32.50 49.00 57.00
141.50 32.50 49.00 57.00
129.50 36.50 49.00 57.00
117.50 40.50 49.00 57.00
109.50 40.50 49.00 57.00
105.50 40.50 49.00 57.00
101.50 44.50 49.00 57.00
93.50 40.50 49.00 57.00
81.50 36.50 49.00 57.00
77.50 32.50 49.00 57.00
69.50 28.50 49.00 57.00
65.50 28.50 49.00 57.00
57.50 28.50 49.00 57.00
53.50 32.50 49.00 57.00
45.50 36.50 49.00 57.00
41.50 36.50 49.00 57.00
37.50 40.50 49.00 57.00
33.50 44.50 49.00 57.00
29.50 44.50 49.00 57.00
25.50 44.50 49.00 57.00
21.50 48.50 49.00 57.00
17.50 52.50 49.00 57.00
13.50 48.50 49.00 57.00
5.50 44.50 49.00 57.00
-6.50 32.50 49.00 57.00
-6.50 24.50 49.00 57.00
5.50 16.50 49.00 57.00
-6.50 16.50 49.00 57.00
-6.50 20.50 49.00 57.00
-2.50 24.50 49.00 57.00
-6.50 36.50 49.00 57.00
-6.50 36.50 49.00 57.00
-6.50 48.50 49.00 57.00
-2.50 60.50 49.00 57.00
-2.50 80.50 49.00 57.00
17.50 80.50 49.00 57.00
29.50 68.50 49.00 57.00
33.50 72.50 49.00 57.00
33.50 76.50 49.00 57.00
33.50 80.50 49.00 57.00
33.50 88.50 49.00 57.00
41.50 84.50 49.00 57.00
45.50 80.50 49.00 57.00
37.50 76.50 49.00 57.00
17.50 60.50 49.00 57.00
-2.50 52.50 49.00 57.00
1.50 40.50 49.00 57.00
1.50 32.50 49.00 57.00
-2.50 24.50 49.00 57.00
9.50 28.50 49.00 57.00
-6.50 28.50 49.00 57.00
-2.50 48.50 49.00 57.00
-6.50 44.50 49.00 57.00
1.50 52.50 49.00 57.00
-2.50 40.50 49.00 57.00
-2.50 28.50 49.00 57.00
-2.50 48.50 49.00 57.00
-2.50 68.50 49.00 57.00
-2.50 88.50 49.00 57.00
-6.50 88.50 49.00 57.00
-6.50 100.50 49.00 57.00
1.50 104.50 49.00 57.00
-2.50 100.50 49.00 57.00
-2.50 112.50 49.00 57.00
-2.50 124.50 49.00 57.00
-2.50 120.50 49.00 57.00
-2.50 140.50 49.00 57.00
-6.50 140.50 49.00 57.00
-6.50 144.50 49.00 57.00
-2.50 144.50 49.00 57.00
-2.50 132.50 49.00 57.00
-2.50 140.50 49.00 57.00
-2.50 144.50 49.00 57.00
-6.50 144.50 49.00 57.00
-6.50 144.50 49.00 57.00
-2.50 152.50 49.00 57.00
-2.50 148.50 49.00 57.00
-2.50 148.50 49.00 57.00
-2.50 140.50 49.00 57.00
-2.50 132.50 49.00 57.00
-2.50 128.50 49.00 57.00
-2.50 128.50 49.00 57.00
-2.50 128.50 49.00 57.00
-2.50 124.50 49.00 57.00
-2.50 124.50 49.00 57.00
-2.50 116.50 49.00 57.00
-2.50 108.50 49.00 57.00
-2.50 104.50 49.00 57.00
-2.50 104.50 49.00 57.00
-2.50 100.50 49.00 57.00
-2.50 104.50 49.00 57.00
1.50 112.50 49.00 57.00
-6.50 116.50 49.00 57.00
-2.50 132.50 49.00 57.00
-2.50 124.50 49.00 57.00
-2.50 144.50 49.00 57.00
