6.00 166.00 42.00 26.00
6.00 166.00 42.00 26.00
10.00 166.00 42.00 26.00
10.00 166.00 42.00 26.00
14.00 166.00 42.00 26.00
14.00 166.00 42.00 26.00
18.00 166.00 42.00 26.00
18.00 166.00 42.00 26.00
18.00 166.00 42.00 26.00
22.00 166.00 42.00 26.00
22.00 166.00 42.00 26.00
22.00 166.00 42.00 26.00
22.00 166.00 42.00 26.00
26.00 170.00 42.00 26.00
26.00 170.00 42.00 26.00
30.00 170.00 42.00 26.00
30.00 170.00 42.00 26.00
30.00 170.00 42.00 26.00
34.00 170.00 42.00 26.00
34.00 170.00 42.00 26.00
34.00 170.00 42.00 26.00
38.00 170.00 42.00 26.00
38.00 170.00 42.00 26.00
42.00 170.00 42.00 26.00
42.00 170.00 42.00 26.00
42.00 170.00 42.00 26.00
46.00 170.00 42.00 26.00
46.00 170.00 42.00 26.00
46.00 170.00 42.00 26.00
50.00 170.00 42.00 26.00
50.00 170.00 42.00 26.00
50.00 170.00 42.00 26.00
50.00 170.00 42.00 26.00
50.00 170.00 42.00 26.00
54.00 170.00 42.00 26.00
54.00 170.00 42.00 26.00
54.00 170.00 42.00 26.00
54.00 170.00 42.00 26.00
58.00 170.00 42.00 26.00
58.00 170.00 42.00 26.00
58.00 170.00 42.00 26.00
62.00 170.00 42.00 26.00
62.00 170.00 42.00 26.00
62.00 170.00 42.00 26.00
62.00 170.00 42.00 26.00
66.00 170.00 42.00 26.00
66.00 170.00 42.00 26.00
70.00 170.00 42.00 26.00
70.00 170.00 42.00 26.00
70.00 170.00 42.00 26.00
70.00 170.00 42.00 26.00
74.00 170.00 42.00 26.00
74.00 170.00 42.00 26.00
74.00 170.00 42.00 26.00
78.00 170.00 42.00 26.00
78.00 170.00 42.00 26.00
78.00 170.00 42.00 26.00
78.00 170.00 42.00 26.00
82.00 170.00 42.00 26.00
82.00 170.00 42.00 26.00
82.00 170.00 42.00 26.00
82.00 170.00 42.00 26.00
86.00 170.00 42.00 26.00
86.00 170.00 42.00 26.00
86.00 170.00 42.00 26.00
86.00 170.00 42.00 26.00
86.00 170.00 42.00 26.00
86.00 170.00 42.00 26.00
86.00 170.00 42.00 26.00
86.00 170.00 42.00 26.00
86.00 170.00 42.00 26.00
86.00 170.00 42.00 26.00
86.00 170.00 42.00 26.00
86.00 170.00 42.00 26.00
86.00 174.00 42.00 26.00
86.00 174.00 42.00 26.00
86.00 174.00 42.00 26.00
86.00 174.00 42.00 26.00
86.00 174.00 42.00 26.00
86.00 174.00 42.00 26.00
86.00 174.00 42.00 26.00
86.00 174.00 42.00 26.00
86.00 174.00 42.00 26.00
86.00 174.00 42.00 26.00
86.00 174.00 42.00 26.00
86.00 174.00 42.00 26.00
86.00 174.00 42.00 26.00
86.00 174.00 42.00 26.00
86.00 174.00 42.00 26.00
86.00 174.00 42.00 26.00
86.00 174.00 42.00 26.00
86.00 174.00 42.00 26.00
86.00 174.00 42.00 26.00
86.00 174.00 42.00 26.00
86.00 174.00 42.00 26.00
86.00 174.00 42.00 26.00
86.00 174.00 42.00 26.00
86.00 174.00 42.00 26.00
86.00 174.00 42.00 26.00
86.00 174.00 42.00 26.00
86.00 174.00 42.00 26.00
86.00 174.00 42.00 26.00
86.00 174.00 42.00 26.00
86.00 174.00 42.00 26.00
86.00 174.00 42.00 26.00
86.00 174.00 42.00 26.00
86.00 174.00 42.00 26.00
86.00 174.00 42.00 26.00
90.00 174.00 42.00 26.00
90.00 174.00 42.00 26.00
90.00 174.00 42.00 26.00
90.00 174.00 42.00 26.00
90.00 174.00 42.00 26.00
90.00 174.00 42.00 26.00
90.00 174.00 42.00 26.00
90.00 174.00 42.00 26.00
94.00 174.00 42.00 26.00
94.00 174.00 42.00 26.00
94.00 174.00 42.00 26.00
94.00 174.00 42.00 26.00
94.00 174.00 42.00 26.00
94.00 174.00 42.00 26.00
94.00 174.00 42.00 26.00
94.00 174.00 42.00 26.00
98.00 174.00 42.00 26.00
98.00 174.00 42.00 26.00
98.00 174.00 42.00 26.00
102.00 174.00 42.00 26.00
102.00 174.00 42.00 26.00
102.00 174.00 42.00 26.00
102.00 174.00 42.00 26.00
106.00 174.00 42.00 26.00
106.00 174.00 42.00 26.00
106.00 174.00 42.00 26.00
106.00 174.00 42.00 26.00
110.00 174.00 42.00 26.00
110.00 174.00 42.00 26.00
110.00 174.00 42.00 26.00
110.00 174.00 42.00 26.00
114.00 174.00 42.00 26.00
114.00 174.00 42.00 26.00
114.00 174.00 42.00 26.00
118.00 174.00 42.00 26.00
118.00 174.00 42.00 26.00
122.00 174.00 42.00 26.00
122.00 174.00 42.00 26.00
122.00 174.00 42.00 26.00
126.00 174.00 42.00 26.00
126.00 174.00 42.00 26.00
130.00 174.00 42.00 26.00
130.00 174.00 42.00 26.00
134.00 174.00 42.00 26.00
134.00 174.00 42.00 26.00
134.00 174.00 42.00 26.00
138.00 174.00 42.00 26.00
138.00 174.00 42.00 26.00
142.00 174.00 42.00 26.00
142.00 174.00 42.00 26.00
142.00 174.00 42.00 26.00
146.00 174.00 42.00 26.00
154.00 174.00 42.00 26.00
150.00 174.00 42.00 26.00
150.00 174.00 42.00 26.00
154.00 174.00 42.00 26.00
158.00 174.00 42.00 26.00
154.00 174.00 42.00 26.00
154.00 174.00 42.00 26.00
158.00 174.00 42.00 26.00
158.00 174.00 42.00 26.00
158.00 174.00 42.00 26.00
158.00 174.00 42.00 26.00
162.00 174.00 42.00 26.00
162.00 174.00 42.00 26.00
166.00 174.00 42.00 26.00
166.00 174.00 42.00 26.00
166.00 174.00 42.00 26.00
166.00 174.00 42.00 26.00
166.00 174.00 42.00 26.00
166.00 174.00 42.00 26.00
166.00 174.00 42.00 26.00
166.00 174.00 42.00 26.00
170.00 174.00 42.00 26.00
170.00 174.00 42.00 26.00
174.00 174.00 42.00 26.00
174.00 174.00 42.00 26.00
174.00 174.00 42.00 26.00
178.00 174.00 42.00 26.00
182.00 174.00 42.00 26.00
186.00 174.00 42.00 26.00
194.00 174.00 42.00 26.00
198.00 174.00 42.00 26.00
202.00 174.00 42.00 26.00
210.00 174.00 42.00 26.00
214.00 174.00 42.00 26.00
214.00 170.00 42.00 26.00
214.00 170.00 42.00 26.00
218.00 170.00 42.00 26.00
218.00 170.00 42.00 26.00
218.00 170.00 42.00 26.00
218.00 170.00 42.00 26.00
214.00 170.00 42.00 26.00
214.00 166.00 42.00 26.00
210.00 166.00 42.00 26.00
206.00 166.00 42.00 26.00
202.00 166.00 42.00 26.00
198.00 166.00 42.00 26.00
194.00 162.00 42.00 26.00
190.00 162.00 42.00 26.00
190.00 162.00 42.00 26.00
194.00 162.00 42.00 26.00
198.00 162.00 42.00 26.00
202.00 158.00 42.00 26.00
206.00 158.00 42.00 26.00
214.00 158.00 42.00 26.00
222.00 158.00 42.00 26.00
230.00 158.00 42.00 26.00
238.00 158.00 42.00 26.00
246.00 158.00 42.00 26.00
254.00 158.00 42.00 26.00
258.00 158.00 42.00 26.00
270.00 158.00 42.00 26.00
274.00 158.00 42.00 26.00
282.00 158.00 42.00 26.00
290.00 158.00 42.00 26.00
298.00 154.00 42.00 26.00
306.00 154.00 42.00 26.00
314.00 150.00 42.00 26.00
318.00 150.00 42.00 26.00
326.00 150.00 42.00 26.00
330.00 150.00 42.00 26.00
338.00 146.00 42.00 26.00
342.00 146.00 42.00 26.00
346.00 146.00 42.00 26.00
350.00 146.00 42.00 26.00
358.00 146.00 42.00 26.00
362.00 146.00 42.00 26.00
366.00 146.00 42.00 26.00
374.00 146.00 42.00 26.00
378.00 146.00 42.00 26.00
382.00 146.00 42.00 26.00
390.00 142.00 42.00 26.00
394.00 142.00 42.00 26.00
398.00 142.00 42.00 26.00
406.00 142.00 42.00 26.00
414.00 142.00 42.00 26.00
422.00 142.00 42.00 26.00
434.00 142.00 42.00 26.00
450.00 138.00 42.00 26.00
466.00 138.00 42.00 26.00
486.00 138.00 42.00 26.00
506.00 138.00 42.00 26.00
526.00 138.00 42.00 26.00
