198.00 213.50 34.00 81.00
198.00 213.50 34.00 81.00
194.00 213.50 34.00 81.00
194.00 217.50 34.00 81.00
190.00 217.50 34.00 81.00
190.00 221.50 34.00 81.00
186.00 225.50 34.00 81.00
186.00 229.50 34.00 81.00
194.00 213.50 34.00 81.00
194.00 213.50 34.00 81.00
198.00 213.50 34.00 81.00
198.00 213.50 34.00 81.00
202.00 209.50 34.00 81.00
202.00 209.50 34.00 81.00
206.00 209.50 34.00 81.00
210.00 209.50 34.00 81.00
214.00 205.50 34.00 81.00
214.00 205.50 34.00 81.00
214.00 201.50 34.00 81.00
218.00 201.50 34.00 81.00
222.00 201.50 34.00 81.00
222.00 201.50 34.00 81.00
226.00 201.50 34.00 81.00
230.00 201.50 34.00 81.00
230.00 205.50 34.00 81.00
234.00 209.50 34.00 81.00
238.00 209.50 34.00 81.00
242.00 209.50 34.00 81.00
246.00 209.50 34.00 81.00
250.00 209.50 34.00 81.00
254.00 209.50 34.00 81.00
258.00 205.50 34.00 81.00
262.00 205.50 34.00 81.00
266.00 205.50 34.00 81.00
270.00 201.50 34.00 81.00
274.00 201.50 34.00 81.00
278.00 205.50 34.00 81.00
282.00 205.50 34.00 81.00
286.00 209.50 34.00 81.00
290.00 209.50 34.00 81.00
294.00 213.50 34.00 81.00
298.00 217.50 34.00 81.00
298.00 217.50 34.00 81.00
298.00 217.50 34.00 81.00
298.00 217.50 34.00 81.00
298.00 217.50 34.00 81.00
298.00 213.50 34.00 81.00
298.00 213.50 34.00 81.00
298.00 213.50 34.00 81.00
294.00 213.50 34.00 81.00
294.00 213.50 34.00 81.00
294.00 209.50 34.00 81.00
290.00 209.50 34.00 81.00
290.00 209.50 34.00 81.00
290.00 209.50 34.00 81.00
286.00 209.50 34.00 81.00
286.00 209.50 34.00 81.00
282.00 209.50 34.00 81.00
282.00 209.50 34.00 81.00
278.00 209.50 34.00 81.00
278.00 209.50 34.00 81.00
282.00 205.50 34.00 81.00
278.00 205.50 34.00 81.00
274.00 205.50 34.00 81.00
270.00 241.50 34.00 81.00
262.00 241.50 34.00 81.00
258.00 241.50 34.00 81.00
254.00 241.50 34.00 81.00
250.00 245.50 34.00 81.00
246.00 245.50 34.00 81.00
238.00 241.50 34.00 81.00
234.00 241.50 34.00 81.00
226.00 237.50 34.00 81.00
218.00 233.50 34.00 81.00
210.00 233.50 34.00 81.00
206.00 237.50 34.00 81.00
198.00 237.50 34.00 81.00
190.00 237.50 34.00 81.00
182.00 237.50 34.00 81.00
178.00 237.50 34.00 81.00
170.00 241.50 34.00 81.00
166.00 241.50 34.00 81.00
162.00 237.50 34.00 81.00
158.00 233.50 34.00 81.00
154.00 233.50 34.00 81.00
146.00 233.50 34.00 81.00
142.00 233.50 34.00 81.00
138.00 229.50 34.00 81.00
138.00 229.50 34.00 81.00
134.00 233.50 34.00 81.00
130.00 233.50 34.00 81.00
130.00 229.50 34.00 81.00
130.00 229.50 34.00 81.00
126.00 221.50 34.00 81.00
126.00 217.50 34.00 81.00
122.00 217.50 34.00 81.00
122.00 217.50 34.00 81.00
122.00 217.50 34.00 81.00
122.00 217.50 34.00 81.00
122.00 217.50 34.00 81.00
126.00 217.50 34.00 81.00
126.00 217.50 34.00 81.00
126.00 217.50 34.00 81.00
126.00 213.50 34.00 81.00
130.00 209.50 34.00 81.00
130.00 209.50 34.00 81.00
134.00 205.50 34.00 81.00
134.00 205.50 34.00 81.00
138.00 205.50 34.00 81.00
142.00 209.50 34.00 81.00
146.00 209.50 34.00 81.00
150.00 205.50 34.00 81.00
154.00 205.50 34.00 81.00
158.00 201.50 34.00 81.00
162.00 197.50 34.00 81.00
166.00 193.50 34.00 81.00
166.00 193.50 34.00 81.00
170.00 193.50 34.00 81.00
174.00 193.50 34.00 81.00
178.00 193.50 34.00 81.00
182.00 193.50 34.00 81.00
186.00 193.50 34.00 81.00
190.00 193.50 34.00 81.00
194.00 189.50 34.00 81.00
194.00 189.50 34.00 81.00
198.00 185.50 34.00 81.00
198.00 185.50 34.00 81.00
202.00 185.50 34.00 81.00
206.00 185.50 34.00 81.00
206.00 185.50 34.00 81.00
210.00 185.50 34.00 81.00
214.00 185.50 34.00 81.00
214.00 185.50 34.00 81.00
218.00 181.50 34.00 81.00
218.00 181.50 34.00 81.00
218.00 177.50 34.00 81.00
222.00 173.50 34.00 81.00
222.00 173.50 34.00 81.00
222.00 173.50 34.00 81.00
226.00 173.50 34.00 81.00
226.00 173.50 34.00 81.00
226.00 177.50 34.00 81.00
230.00 173.50 34.00 81.00
230.00 173.50 34.00 81.00
230.00 169.50 34.00 81.00
230.00 169.50 34.00 81.00
234.00 165.50 34.00 81.00
234.00 165.50 34.00 81.00
234.00 165.50 34.00 81.00
238.00 165.50 34.00 81.00
238.00 169.50 34.00 81.00
242.00 169.50 34.00 81.00
246.00 169.50 34.00 81.00
246.00 169.50 34.00 81.00
250.00 169.50 34.00 81.00
250.00 169.50 34.00 81.00
254.00 165.50 34.00 81.00
254.00 165.50 34.00 81.00
258.00 165.50 34.00 81.00
258.00 165.50 34.00 81.00
258.00 165.50 34.00 81.00
262.00 165.50 34.00 81.00
262.00 165.50 34.00 81.00
262.00 161.50 34.00 81.00
266.00 161.50 34.00 81.00
270.00 157.50 34.00 81.00
270.00 157.50 34.00 81.00
274.00 157.50 34.00 81.00
274.00 157.50 34.00 81.00
278.00 157.50 34.00 81.00
282.00 161.50 34.00 81.00
282.00 161.50 34.00 81.00
286.00 161.50 34.00 81.00
286.00 161.50 34.00 81.00
286.00 161.50 34.00 81.00
290.00 161.50 34.00 81.00
290.00 157.50 34.00 81.00
290.00 157.50 34.00 81.00
290.00 157.50 34.00 81.00
290.00 157.50 34.00 81.00
290.00 157.50 34.00 81.00
286.00 157.50 34.00 81.00
286.00 157.50 34.00 81.00
286.00 157.50 34.00 81.00
286.00 153.50 34.00 81.00
286.00 153.50 34.00 81.00
286.00 153.50 34.00 81.00
286.00 153.50 34.00 81.00
286.00 153.50 34.00 81.00
286.00 153.50 34.00 81.00
286.00 157.50 34.00 81.00
286.00 157.50 34.00 81.00
286.00 161.50 34.00 81.00
286.00 161.50 34.00 81.00
286.00 161.50 34.00 81.00
286.00 161.50 34.00 81.00
282.00 161.50 34.00 81.00
282.00 161.50 34.00 81.00
282.00 161.50 34.00 81.00
282.00 161.50 34.00 81.00
282.00 161.50 34.00 81.00
286.00 161.50 34.00 81.00
286.00 161.50 34.00 81.00
286.00 161.50 34.00 81.00
286.00 161.50 34.00 81.00
286.00 161.50 34.00 81.00
290.00 165.50 34.00 81.00
290.00 169.50 34.00 81.00
290.00 169.50 34.00 81.00
290.00 169.50 34.00 81.00
290.00 169.50 34.00 81.00
286.00 169.50 34.00 81.00
286.00 169.50 34.00 81.00
286.00 169.50 34.00 81.00
282.00 169.50 34.00 81.00
282.00 169.50 34.00 81.00
282.00 169.50 34.00 81.00
282.00 169.50 34.00 81.00
282.00 169.50 34.00 81.00
282.00 169.50 34.00 81.00
282.00 173.50 34.00 81.00
282.00 173.50 34.00 81.00
278.00 177.50 34.00 81.00
278.00 181.50 34.00 81.00
278.00 181.50 34.00 81.00
274.00 181.50 34.00 81.00
274.00 181.50 34.00 81.00
274.00 185.50 34.00 81.00
270.00 185.50 34.00 81.00
270.00 185.50 34.00 81.00
266.00 181.50 34.00 81.00
266.00 181.50 34.00 81.00
262.00 181.50 34.00 81.00
262.00 181.50 34.00 81.00
258.00 181.50 34.00 81.00
258.00 181.50 34.00 81.00
254.00 185.50 34.00 81.00
254.00 185.50 34.00 81.00
250.00 189.50 34.00 81.00
250.00 189.50 34.00 81.00
246.00 193.50 34.00 81.00
246.00 193.50 34.00 81.00
242.00 193.50 34.00 81.00
242.00 193.50 34.00 81.00
238.00 193.50 34.00 81.00
238.00 193.50 34.00 81.00
234.00 193.50 34.00 81.00
230.00 193.50 34.00 81.00
230.00 193.50 34.00 81.00
230.00 193.50 34.00 81.00
226.00 189.50 34.00 81.00
226.00 193.50 34.00 81.00
222.00 193.50 34.00 81.00
222.00 193.50 34.00 81.00
222.00 193.50 34.00 81.00
222.00 193.50 34.00 81.00
218.00 197.50 34.00 81.00
218.00 197.50 34.00 81.00
214.00 201.50 34.00 81.00
214.00 201.50 34.00 81.00
214.00 201.50 34.00 81.00
210.00 201.50 34.00 81.00
206.00 201.50 34.00 81.00
206.00 201.50 34.00 81.00
206.00 201.50 34.00 81.00
206.00 201.50 34.00 81.00
202.00 197.50 34.00 81.00
202.00 197.50 34.00 81.00
202.00 197.50 34.00 81.00
198.00 197.50 34.00 81.00
198.00 193.50 34.00 81.00
198.00 197.50 34.00 81.00
198.00 197.50 34.00 81.00
198.00 197.50 34.00 81.00
198.00 201.50 34.00 81.00
198.00 201.50 34.00 81.00
198.00 201.50 34.00 81.00
198.00 201.50 34.00 81.00
198.00 197.50 34.00 81.00
198.00 197.50 34.00 81.00
198.00 197.50 34.00 81.00
198.00 197.50 34.00 81.00
198.00 197.50 34.00 81.00
198.00 197.50 34.00 81.00
198.00 197.50 34.00 81.00
198.00 201.50 34.00 81.00
198.00 201.50 34.00 81.00
198.00 201.50 34.00 81.00
198.00 201.50 34.00 81.00
198.00 197.50 34.00 81.00
198.00 197.50 34.00 81.00
198.00 197.50 34.00 81.00
198.00 197.50 34.00 81.00
198.00 197.50 34.00 81.00
198.00 201.50 34.00 81.00
198.00 201.50 34.00 81.00
198.00 205.50 34.00 81.00
194.00 205.50 34.00 81.00
194.00 205.50 34.00 81.00
194.00 209.50 34.00 81.00
190.00 209.50 34.00 81.00
186.00 209.50 34.00 81.00
186.00 213.50 34.00 81.00
182.00 213.50 34.00 81.00
178.00 213.50 34.00 81.00
174.00 213.50 34.00 81.00
174.00 213.50 34.00 81.00
170.00 213.50 34.00 81.00
170.00 213.50 34.00 81.00
166.00 213.50 34.00 81.00
162.00 213.50 34.00 81.00
158.00 213.50 34.00 81.00
154.00 213.50 34.00 81.00
154.00 217.50 34.00 81.00
150.00 217.50 34.00 81.00
150.00 217.50 34.00 81.00
150.00 217.50 34.00 81.00
146.00 221.50 34.00 81.00
146.00 221.50 34.00 81.00
146.00 221.50 34.00 81.00
142.00 221.50 34.00 81.00
142.00 221.50 34.00 81.00
142.00 221.50 34.00 81.00
138.00 221.50 34.00 81.00
138.00 221.50 34.00 81.00
138.00 221.50 34.00 81.00
138.00 221.50 34.00 81.00
138.00 221.50 34.00 81.00
138.00 221.50 34.00 81.00
138.00 221.50 34.00 81.00
138.00 221.50 34.00 81.00
138.00 221.50 34.00 81.00
138.00 221.50 34.00 81.00
138.00 221.50 34.00 81.00
142.00 225.50 34.00 81.00
142.00 225.50 34.00 81.00
142.00 225.50 34.00 81.00
146.00 225.50 34.00 81.00
146.00 225.50 34.00 81.00
146.00 225.50 34.00 81.00
146.00 225.50 34.00 81.00
150.00 225.50 34.00 81.00
150.00 225.50 34.00 81.00
150.00 225.50 34.00 81.00
150.00 225.50 34.00 81.00
150.00 225.50 34.00 81.00
150.00 225.50 34.00 81.00
150.00 225.50 34.00 81.00
150.00 229.50 34.00 81.00
150.00 229.50 34.00 81.00
150.00 229.50 34.00 81.00
150.00 229.50 34.00 81.00
150.00 229.50 34.00 81.00
146.00 229.50 34.00 81.00
146.00 229.50 34.00 81.00
146.00 229.50 34.00 81.00
146.00 229.50 34.00 81.00
146.00 229.50 34.00 81.00
146.00 229.50 34.00 81.00
146.00 229.50 34.00 81.00
146.00 229.50 34.00 81.00
146.00 229.50 34.00 81.00
146.00 229.50 34.00 81.00
146.00 229.50 34.00 81.00
146.00 229.50 34.00 81.00
146.00 229.50 34.00 81.00
146.00 229.50 34.00 81.00
146.00 229.50 34.00 81.00
146.00 229.50 34.00 81.00
146.00 229.50 34.00 81.00
146.00 229.50 34.00 81.00
150.00 229.50 34.00 81.00
150.00 229.50 34.00 81.00
150.00 229.50 34.00 81.00
150.00 229.50 34.00 81.00
150.00 229.50 34.00 81.00
150.00 233.50 34.00 81.00
150.00 233.50 34.00 81.00
154.00 233.50 34.00 81.00
154.00 233.50 34.00 81.00
154.00 233.50 34.00 81.00
154.00 233.50 34.00 81.00
154.00 233.50 34.00 81.00
154.00 233.50 34.00 81.00
154.00 233.50 34.00 81.00
158.00 233.50 34.00 81.00
158.00 237.50 34.00 81.00
158.00 237.50 34.00 81.00
158.00 237.50 34.00 81.00
158.00 237.50 34.00 81.00
158.00 237.50 34.00 81.00
158.00 237.50 34.00 81.00
158.00 237.50 34.00 81.00
158.00 237.50 34.00 81.00
158.00 237.50 34.00 81.00
158.00 241.50 34.00 81.00
158.00 241.50 34.00 81.00
158.00 241.50 34.00 81.00
158.00 241.50 34.00 81.00
158.00 241.50 34.00 81.00
158.00 241.50 34.00 81.00
158.00 241.50 34.00 81.00
158.00 241.50 34.00 81.00
158.00 237.50 34.00 81.00
162.00 237.50 34.00 81.00
162.00 237.50 34.00 81.00
162.00 237.50 34.00 81.00
162.00 237.50 34.00 81.00
162.00 237.50 34.00 81.00
166.00 237.50 34.00 81.00
166.00 237.50 34.00 81.00
166.00 237.50 34.00 81.00
166.00 237.50 34.00 81.00
170.00 237.50 34.00 81.00
170.00 237.50 34.00 81.00
170.00 237.50 34.00 81.00
170.00 237.50 34.00 81.00
170.00 237.50 34.00 81.00
170.00 237.50 34.00 81.00
170.00 237.50 34.00 81.00
170.00 237.50 34.00 81.00
170.00 237.50 34.00 81.00
174.00 237.50 34.00 81.00
174.00 237.50 34.00 81.00
174.00 237.50 34.00 81.00
174.00 237.50 34.00 81.00
174.00 237.50 34.00 81.00
174.00 237.50 34.00 81.00
178.00 237.50 34.00 81.00
178.00 237.50 34.00 81.00
178.00 237.50 34.00 81.00
182.00 237.50 34.00 81.00
182.00 237.50 34.00 81.00
182.00 237.50 34.00 81.00
186.00 237.50 34.00 81.00
186.00 237.50 34.00 81.00
190.00 237.50 34.00 81.00
190.00 237.50 34.00 81.00
190.00 237.50 34.00 81.00
194.00 237.50 34.00 81.00
194.00 237.50 34.00 81.00
198.00 237.50 34.00 81.00
198.00 237.50 34.00 81.00
202.00 237.50 34.00 81.00
202.00 237.50 34.00 81.00
206.00 237.50 34.00 81.00
206.00 237.50 34.00 81.00
210.00 237.50 34.00 81.00
210.00 237.50 34.00 81.00
214.00 237.50 34.00 81.00
214.00 233.50 34.00 81.00
218.00 233.50 34.00 81.00
222.00 233.50 34.00 81.00
222.00 233.50 34.00 81.00
226.00 237.50 34.00 81.00
226.00 237.50 34.00 81.00
230.00 241.50 34.00 81.00
234.00 241.50 34.00 81.00
238.00 241.50 34.00 81.00
242.00 245.50 34.00 81.00
246.00 245.50 34.00 81.00
250.00 245.50 34.00 81.00
258.00 241.50 34.00 81.00
262.00 241.50 34.00 81.00
270.00 241.50 34.00 81.00
274.00 241.50 34.00 81.00
282.00 241.50 34.00 81.00
286.00 241.50 34.00 81.00
294.00 237.50 34.00 81.00
298.00 237.50 34.00 81.00
306.00 237.50 34.00 81.00
314.00 237.50 34.00 81.00
318.00 233.50 34.00 81.00
326.00 233.50 34.00 81.00
330.00 233.50 34.00 81.00
334.00 237.50 34.00 81.00
342.00 237.50 34.00 81.00
346.00 237.50 34.00 81.00
354.00 237.50 34.00 81.00
358.00 237.50 34.00 81.00
366.00 237.50 34.00 81.00
374.00 237.50 34.00 81.00
386.00 237.50 34.00 81.00
394.00 237.50 34.00 81.00
398.00 241.50 34.00 81.00
406.00 241.50 34.00 81.00
410.00 241.50 34.00 81.00
414.00 241.50 34.00 81.00
418.00 241.50 34.00 81.00
422.00 237.50 34.00 81.00
426.00 237.50 34.00 81.00
422.00 237.50 34.00 81.00
422.00 233.50 34.00 81.00
422.00 229.50 34.00 81.00
422.00 225.50 34.00 81.00
418.00 221.50 34.00 81.00
418.00 217.50 34.00 81.00
414.00 217.50 34.00 81.00
410.00 217.50 34.00 81.00
406.00 213.50 34.00 81.00
402.00 213.50 34.00 81.00
398.00 209.50 34.00 81.00
398.00 205.50 34.00 81.00
394.00 201.50 34.00 81.00
390.00 201.50 34.00 81.00
386.00 197.50 34.00 81.00
382.00 197.50 34.00 81.00
382.00 197.50 34.00 81.00
378.00 197.50 34.00 81.00
378.00 197.50 34.00 81.00
374.00 197.50 34.00 81.00
374.00 197.50 34.00 81.00
370.00 197.50 34.00 81.00
370.00 197.50 34.00 81.00
370.00 197.50 34.00 81.00
366.00 197.50 34.00 81.00
366.00 197.50 34.00 81.00
366.00 193.50 34.00 81.00
362.00 193.50 34.00 81.00
362.00 189.50 34.00 81.00
358.00 189.50 34.00 81.00
358.00 189.50 34.00 81.00
354.00 189.50 34.00 81.00
354.00 185.50 34.00 81.00
354.00 185.50 34.00 81.00
354.00 185.50 34.00 81.00
354.00 185.50 34.00 81.00
354.00 189.50 34.00 81.00
354.00 189.50 34.00 81.00
350.00 189.50 34.00 81.00
350.00 189.50 34.00 81.00
350.00 189.50 34.00 81.00
350.00 189.50 34.00 81.00
346.00 185.50 34.00 81.00
346.00 185.50 34.00 81.00
346.00 185.50 34.00 81.00
346.00 185.50 34.00 81.00
346.00 185.50 34.00 81.00
342.00 185.50 34.00 81.00
342.00 185.50 34.00 81.00
342.00 185.50 34.00 81.00
338.00 185.50 34.00 81.00
338.00 185.50 34.00 81.00
338.00 189.50 34.00 81.00
338.00 189.50 34.00 81.00
338.00 189.50 34.00 81.00
334.00 189.50 34.00 81.00
334.00 189.50 34.00 81.00
334.00 189.50 34.00 81.00
334.00 189.50 34.00 81.00
330.00 189.50 34.00 81.00
330.00 189.50 34.00 81.00
330.00 189.50 34.00 81.00
330.00 185.50 34.00 81.00
326.00 185.50 34.00 81.00
326.00 185.50 34.00 81.00
326.00 181.50 34.00 81.00
326.00 181.50 34.00 81.00
322.00 181.50 34.00 81.00
322.00 181.50 34.00 81.00
322.00 181.50 34.00 81.00
322.00 185.50 34.00 81.00
322.00 185.50 34.00 81.00
322.00 185.50 34.00 81.00
322.00 185.50 34.00 81.00
318.00 185.50 34.00 81.00
318.00 185.50 34.00 81.00
314.00 185.50 34.00 81.00
314.00 189.50 34.00 81.00
310.00 185.50 34.00 81.00
306.00 185.50 34.00 81.00
306.00 185.50 34.00 81.00
306.00 185.50 34.00 81.00
306.00 185.50 34.00 81.00
306.00 181.50 34.00 81.00
306.00 181.50 34.00 81.00
306.00 181.50 34.00 81.00
306.00 181.50 34.00 81.00
306.00 181.50 34.00 81.00
306.00 181.50 34.00 81.00
306.00 181.50 34.00 81.00
306.00 185.50 34.00 81.00
306.00 185.50 34.00 81.00
306.00 185.50 34.00 81.00
306.00 185.50 34.00 81.00
306.00 185.50 34.00 81.00
306.00 185.50 34.00 81.00
306.00 185.50 34.00 81.00
302.00 181.50 34.00 81.00
302.00 181.50 34.00 81.00
302.00 177.50 34.00 81.00
302.00 177.50 34.00 81.00
302.00 173.50 34.00 81.00
302.00 173.50 34.00 81.00
302.00 173.50 34.00 81.00
302.00 173.50 34.00 81.00
306.00 173.50 34.00 81.00
306.00 173.50 34.00 81.00
306.00 177.50 34.00 81.00
306.00 177.50 34.00 81.00
310.00 177.50 34.00 81.00
310.00 177.50 34.00 81.00
314.00 173.50 34.00 81.00
314.00 169.50 34.00 81.00
318.00 169.50 34.00 81.00
322.00 169.50 34.00 81.00
322.00 169.50 34.00 81.00
326.00 169.50 34.00 81.00
326.00 169.50 34.00 81.00
330.00 173.50 34.00 81.00
330.00 173.50 34.00 81.00
334.00 169.50 34.00 81.00
334.00 169.50 34.00 81.00
338.00 169.50 34.00 81.00
338.00 169.50 34.00 81.00
342.00 169.50 34.00 81.00
342.00 169.50 34.00 81.00
342.00 169.50 34.00 81.00
346.00 169.50 34.00 81.00
346.00 169.50 34.00 81.00
342.00 165.50 34.00 81.00
342.00 161.50 34.00 81.00
338.00 157.50 34.00 81.00
338.00 157.50 34.00 81.00
338.00 157.50 34.00 81.00
334.00 149.50 34.00 81.00
334.00 149.50 34.00 81.00
334.00 149.50 34.00 81.00
334.00 149.50 34.00 81.00
334.00 149.50 34.00 81.00
334.00 153.50 34.00 81.00
334.00 153.50 34.00 81.00
334.00 157.50 34.00 81.00
334.00 157.50 34.00 81.00
334.00 161.50 34.00 81.00
334.00 165.50 34.00 81.00
334.00 169.50 34.00 81.00
334.00 169.50 34.00 81.00
334.00 169.50 34.00 81.00
334.00 169.50 34.00 81.00
334.00 169.50 34.00 81.00
338.00 169.50 34.00 81.00
338.00 169.50 34.00 81.00
338.00 169.50 34.00 81.00
338.00 169.50 34.00 81.00
338.00 169.50 34.00 81.00
338.00 173.50 34.00 81.00
338.00 173.50 34.00 81.00
338.00 177.50 34.00 81.00
338.00 181.50 34.00 81.00
338.00 181.50 34.00 81.00
338.00 181.50 34.00 81.00
338.00 185.50 34.00 81.00
338.00 185.50 34.00 81.00
342.00 189.50 34.00 81.00
342.00 189.50 34.00 81.00
342.00 193.50 34.00 81.00
342.00 197.50 34.00 81.00
342.00 201.50 34.00 81.00
342.00 205.50 34.00 81.00
342.00 209.50 34.00 81.00
346.00 213.50 34.00 81.00
346.00 213.50 34.00 81.00
346.00 217.50 34.00 81.00
346.00 217.50 34.00 81.00
346.00 217.50 34.00 81.00
346.00 221.50 34.00 81.00
346.00 221.50 34.00 81.00
346.00 225.50 34.00 81.00
346.00 225.50 34.00 81.00
346.00 225.50 34.00 81.00
346.00 225.50 34.00 81.00
346.00 225.50 34.00 81.00
346.00 225.50 34.00 81.00
350.00 225.50 34.00 81.00
350.00 225.50 34.00 81.00
350.00 221.50 34.00 81.00
350.00 221.50 34.00 81.00
350.00 221.50 34.00 81.00
350.00 221.50 34.00 81.00
350.00 221.50 34.00 81.00
354.00 221.50 34.00 81.00
354.00 221.50 34.00 81.00
354.00 221.50 34.00 81.00
354.00 221.50 34.00 81.00
354.00 221.50 34.00 81.00
354.00 221.50 34.00 81.00
354.00 217.50 34.00 81.00
354.00 217.50 34.00 81.00
354.00 217.50 34.00 81.00
354.00 213.50 34.00 81.00
354.00 213.50 34.00 81.00
354.00 213.50 34.00 81.00
354.00 213.50 34.00 81.00
350.00 213.50 34.00 81.00
350.00 213.50 34.00 81.00
350.00 213.50 34.00 81.00
350.00 213.50 34.00 81.00
350.00 213.50 34.00 81.00
350.00 213.50 34.00 81.00
350.00 213.50 34.00 81.00
350.00 213.50 34.00 81.00
350.00 213.50 34.00 81.00
346.00 213.50 34.00 81.00
346.00 213.50 34.00 81.00
346.00 213.50 34.00 81.00
346.00 213.50 34.00 81.00
346.00 213.50 34.00 81.00
346.00 213.50 34.00 81.00
346.00 213.50 34.00 81.00
346.00 213.50 34.00 81.00
346.00 217.50 34.00 81.00
346.00 217.50 34.00 81.00
346.00 217.50 34.00 81.00
346.00 217.50 34.00 81.00
346.00 217.50 34.00 81.00
342.00 213.50 34.00 81.00
342.00 213.50 34.00 81.00
338.00 213.50 34.00 81.00
338.00 209.50 34.00 81.00
334.00 209.50 34.00 81.00
334.00 209.50 34.00 81.00
330.00 205.50 34.00 81.00
326.00 201.50 34.00 81.00
326.00 201.50 34.00 81.00
